1454
1523
4650
5528
6535
25942
3265
5253
54584
57680
6601
6878
6907
7249
84433
7067
124565
5862
9820
1857
473
57634
83692
10295
26262
3069
2778
10999
27044
27352
5119
6134
6305
7328
79143
80790
83696
84231
10347
1107
57661
64405
9013
112939
23476
4152
9869
10522
253980
643338
7014
10585
11336
79813
1778
23030
23135
29123
4335
55209
57492
84445
9578
10847
222962
23152
4520
4849
5364
54862
55558
5595
56853
64599
8216
83855
9344
9572
95681
54897
342132
81
161357
80381
8911
1139
57555
51107
116986
8912
1746
339122
23096
5307
55567
23067
26056
26470
5164
92737
92558
1788
23293
84871
2944
8242
6942
26523
4524
440193
2900
8940
6529
9379
64130
