109
1808
2239
23191
23229
27086
2876
301
3105
3106
3135
3912
4774
5054
5329
5578
5579
5754
667
7057
7837
8140
84056
8828
8974
89797
3708
51741
7982
8573
9639
10071
4781
22941
10082
1009
1809
22982
23189
23314
23362
4481
57616
6925
7025
9891
1499
158471
1793
1806
2048
2078
2131
23328
23345
23705
26053
26137
287
3123
367
3778
4208
4233
4628
4862
5087
5743
6383
6505
6934
7204
8853
9037
9732
26960
288
4128
4306
55930
84952
10207
10288
11326
57705
5788
64207
83593
9056
3772
5294
7850
144165
2195
4644
6812
7421
3628
152485
18
4897
53335
55227
6196
84282
116987
3800
5101
85458
375775
85358
27185
4756
26040
321
9779
111
57580
26115
22846
4929
285195
114571
7566
23245
9783
9743
26047
257194
9369
1501
2055
140
140733
154664
783
9901
166336
3382
58499
81704
4643
1524
154
1803
1644
23303
91584
93986
9915
3690
51760
79937
23236
58512
7102
93664
22981
275
57578
56137
5787
56147
8404
57520
2562
7704
27071
2904
322
79623
83481
683
952
55799
