135
89839
1006
392862
56140
1007
119772
343413
1008
4916
10089
117583
6616
1012
56136
56138
10349
339145
158724
349075
5020
5350
56134
60677
7273
80816
814
8913
9256
10518
10743
56141
56144
8831
11069
11122
491
57497
84465
11141
2901
1131
114805
2898
116442
5026
148398
1804
2894
2899
3752
4036
9568
129684
1584
26245
27245
27443
29119
56146
57194
59269
8632
9378
1268
85445
127069
54715
128853
145581
3785
4308
54768
553
777
8128
8618
79648
1813
139411
6804
196385
2903
56899
4139
148979
149628
9615
152330
55217
158800
2861
57502
168400
353288
170572
1747
1750
3359
1826
186
54413
2020
202559
2100
83473
2243
392636
2272
22854
22866
22871
23145
9228
9229
54898
22999
23025
23026
23040
5079
776
6092
64478
23316
2334
57575
23426
340267
253559
254827
2557
2567
26280
27328
2742
51725
285175
3766
3790
2895
2902
43
2917
2977
30010
3290
563
6000
6323
64101
6999
340385
55079
340533
3786
4010
6854
8537
9752
6532
84152
3742
3746
5444
5649
3952
4129
478
53942
55359
56139
57471
642636
6853
7429
83552
5013
438
4585
5067
5071
50944
56135
5133
5137
54329
54551
54714
56142
56143
5625
7225
84623
57282
57468
6694
57628
5991
83538
6335
6473
65267
6899
84332
84466
