23389
57534
6197
7994
83852
221035
4297
5062
51366
51592
6683
79718
8295
9295
9969
10771
10765
11011
113201
23001
23312
394
4089
546
5728
10142
1105
152006
1654
1739
1859
2033
221037
22909
23013
23036
23081
23112
23126
23167
23181
23394
23451
23469
254048
254170
283450
29072
29994
3188
4204
4698
51111
51322
54536
55015
55023
55297
55870
55914
57148
57448
58155
58508
64848
64895
7403
79684
79893
80204
80315
8452
8481
8493
8500
8850
8867
9044
9320
9611
987
9958
10640
134957
123606
80184
8864
10787
26122
26512
3720
51317
55904
23332
54439
54790
84527
26058
192669
585
56946
23233
23545
1106
114785
147694
9481
55777
192670
151126
55356
9662
2444
