5054
5329
7837
83593
84952
8974
51741
6196
2048
22982
288
367
3800
4233
4644
4862
5101
5578
6505
667
6812
7057
7102
7204
9037
9481
9915
4129
4781
9732
23705
26960
51760
8404
10082
1009
144165
1809
23362
26115
3912
5087
55777
6925
7025
89797
116987
158471
166336
1793
1803
2131
2239
23229
23328
23345
257194
26137
285195
4208
4628
4643
4756
5743
57616
58499
6383
85458
92737
93664
9639
9891
10207
4306
4929
9743
55930
2055
5067
23245
18
22981
9779
79937
3790
4128
54898
83481
275
116442
151126
23303
83992
26040
154
2620
2272
344148
7850
952
