128239
342132
9783
1006
1008
1012
10518
10716
1106
111
11122
11141
1131
1142
116986
1268
140
149628
1501
1539
1644
1746
1750
1804
1812
1813
1814
1826
186
1993
1995
2020
202559
2100
2103
22829
22854
22866
22941
22999
23025
23026
23040
23189
23236
23293
2334
23545
2557
2562
2567
26047
26050
26245
26280
27185
27328
2742
287
2890
2895
2898
2899
2901
2902
2903
2904
29119
2915
2917
321
3351
3359
3382
339145
340385
340533
353288
3690
3742
3746
3751
3752
3766
3778
3785
3786
4010
4036
4139
43
4308
438
4524
4585
4897
491
4914
4916
5020
5021
5053
5071
5079
50944
5137
51725
53335
53942
54221
54413
5444
54551
54714
54715
54768
55079
552
553
55359
55567
5579
55870
56137
56139
56141
56145
56146
5649
56853
57468
5787
5991
6000
6014
6326
6329
6334
6473
65267
6529
6532
6616
6804
6853
6854
6899
6942
6999
7007
7067
7173
7225
7429
747
7471
774
776
777
778
781
783
814
815
83943
8537
8618
8828
8911
8912
8913
91584
9228
9229
9256
9369
9378
9379
93986
9568
9572
9901
1007
343413
56140
8128
10071
117583
128853
147968
196385
199777
2243
2900
54897
57520
57575
643338
64405
721
8831
127069
23426
25769
285175
2894
3772
4481
6092
284217
65217
10089
27443
57497
80816
92558
139411
145581
152330
161357
2078
22846
22871
30010
5350
57555
9615
119772
56136
56138
56144
56147
57578
10349
1524
135
158724
168400
23145
254827
5013
5294
56142
56143
57628
60677
6323
7273
84871
253559
83473
57194
10743
56135
140733
57492
64478
1636
23096
23233
284451
3952
5133
5625
56899
7704
79623
84152
84465
1139
58512
114805
222537
340267
64101
4983
11069
148979
161725
478
54329
55799
85445
129684
143241
154664
1747
23316
642636
6531
765
9752
56134
57282
84466
84623
84889
26188
1584
270
6694
8632
91752
114571
57502
6335
158800
2977
145645
28234
59269
27255
563
8218
170572
2861
57705
83538
57471
84332
64901
3290
4622
392636
7399
2444
