10055
132
2171
23312
23389
27347
4173
4175
4774
51592
84056
8604
9603
10237
10492
10575
10664
10787
11011
11103
123169
123606
134492
152579
1977
23013
23081
23126
23394
23649
254170
25913
259266
25942
26610
27131
2739
2820
3192
3608
3708
4076
4297
5062
51366
51678
5245
55055
5519
55689
55746
5591
57534
57634
57691
5781
6418
65109
6597
6647
6683
6749
675
6907
7337
7514
7531
7874
79718
7982
7994
81614
8295
8452
8500
8562
8930
9126
93594
9928
8867
2195
23314
10771
152485
27086
29123
301
55015
55356
80204
10765
113201
1499
152006
1778
1806
1808
1859
221037
23001
23112
23191
26053
3188
3720
394
4089
473
51111
51317
54439
546
55914
5728
58155
5862
6934
8573
8853
9958
10142
1105
1654
1739
2033
22909
23036
23067
23167
23332
23451
23469
254048
26058
26122
283450
29072
2969
29994
3150
4204
4698
51322
5191
54536
54790
54870
55023
55209
55297
57148
57448
58508
6197
6342
64207
64848
64895
7403
79684
79893
80315
8481
8493
8850
8864
9044
9295
9320
9611
987
9969
221035
1376
9690
10243
10640
134957
147694
55904
7014
7328
9869
7566
84282
80184
95681
114791
192669
26512
80155
85015
94056
9456
585
4152
900
116211
84527
26523
57680
192670
4520
55227
56946
83852
3628
56160
55217
9662
8287
