100
1107
1454
1523
1857
2109
222962
3105
3135
375775
5754
8140
89839
10295
109
124565
23476
2475
26262
27044
3069
3265
392862
5119
51629
5253
54584
5528
57661
6134
6878
7249
84433
9013
10847
23152
26470
5364
54862
83696
9344
10585
23135
55558
83692
6305
3106
3123
4650
57580
7421
80790
84445
9820
11336
23181
4335
6601
51107
2778
10288
11326
5788
683
9056
10522
10999
23030
27352
2876
4849
5595
6535
79143
81
8216
84231
10347
253980
112939
349075
5307
64599
476
2944
8242
148398
27245
83855
9578
79813
80381
114785
1788
26056
5164
5026
64130
85358
440193
79648
322
83552
339122
81704
8940
27071
