4.101
14.030
19.329
8.222
23.491
40.136
31.043
33.206
5.286
6.455
26.599
27.365
42.813
18.085
8.964
6.040
18.587
16.655
20.150
17.407
26.742
11.907
44.229
11.881
21.651
24.102
9.608
19.983
11.184
23.817
18.758
17.224
15.411
4.429
29.539
6.722
7.819
38.207
12.908
30.453
22.429
28.418
47.464
21.801
11.277
17.615
12.814
10.782
7.486
31.115
46.737
16.116
30.198
41.152
27.405
5.647
12.070
23.186
20.502
9.658
26.189
20.230
2.745
5.510
15.471
18.156
12.254
12.133
30.127
13.403
19.639
30.456
29.482
32.476
55.794
30.271
7.197
57.237
10.893
3.434
24.913
12.840
38.057
8.243
14.102
23.377
21.704
13.386
27.746
30.746
44.678
31.654
26.586
3.572
25.569
13.418
48.501
35.051
18.731
35.195
10.103
34.851
21.939
7.540
9.343
22.343
34.269
42.916
37.859
13.043
29.005
35.448
15.500
43.925
13.159
29.682
8.814
32.097
38.574
19.282
31.459
13.743
33.781
9.783
9.402
33.869
19.269
4.932
10.119
14.818
35.024
15.080
7.736
33.249
19.849
10.362
26.439
16.343
45.482
4.184
10.416
34.783
9.341
8.179
16.648
6.793
36.719
14.413
42.898
11.258
28.973
13.918
7.635
19.841
5.428
9.671
43.740
36.909
21.587
4.253
28.985
13.256
78.128
50.404
20.489
9.318
22.171
20.977
17.037
50.202
43.210
35.616
47.656
9.805
25.233
24.283
14.647
36.265
14.564
6.836
10.910
22.379
30.340
26.513
6.002
46.013
27.038
25.354
8.098
32.604
31.048
33.988
39.100
34.540
33.553
11.154
22.936
35.548
17.018
7.988
32.344
29.431
17.762
6.525
17.576
2.235
28.615
23.228
12.434
17.054
10.066
46.222
17.102
47.848
39.312
14.429
30.147
12.712
13.099
23.319
29.112
28.490
23.919
11.150
28.759
18.692
25.000
44.736
39.276
59.432
7.619
76.127
9.106
3.839
4.955
18.050
7.682
7.652
35.779
23.977
20.481
33.117
18.080
3.882
10.308
17.596
18.128
14.176
11.555
22.735
11.516
17.075
11.454
21.625
14.245
5.178
16.971
37.467
10.694
25.148
13.303
9.130
30.814
12.519
37.649
13.426
20.786
18.921
12.562
15.535
25.135
7.597
12.420
8.548
34.495
22.928
31.107
14.182
15.295
15.646
31.864
62.127
15.340
18.370
16.419
43.522
29.817
28.283
5.236
11.062
18.187
58.783
11.177
5.556
46.970
8.216
10.369
3.714
9.169
32.648
36.146
25.531
19.806
9.449
39.136
9.534
33.700
15.436
1.790
4.479
23.649
42.005
34.644
28.016
26.028
52.121
26.356
4.385
32.597
16.791
7.451
31.256
38.350
49.104
31.883
9.929
18.272
44.012
18.487
40.748
14.687
2.349
15.450
29.592
23.475
6.036
3.416
25.646
24.840
2.014
4.407
1.189
17.665
9.593
21.236
36.158
12.716
11.112
50.829
13.290
18.414
21.297
14.405
17.365
13.534
0.901
20.727
40.392
27.142
2.967
7.972
28.325
11.786
39.220
6.265
24.700
9.124
17.346
12.975
7.724
6.055
6.428
35.587
42.447
14.270
14.655
20.038
44.640
12.632
43.928
5.754
14.483
9.408
18.779
36.709
15.764
2.761
20.417
5.858
26.010
18.764
38.052
24.282
5.492
2.907
17.680
20.897
8.166
12.221
34.154
11.371
23.031
12.994
17.981
6.154
39.358
6.342
12.990
15.683
16.264
18.308
24.267
2.895
11.328
23.641
29.179
9.393
14.327
38.711
21.282
14.373
15.670
40.261
37.846
21.288
28.280
21.581
29.559
20.810
24.253
31.907
6.265
8.891
9.123
2.197
23.877
21.575
43.272
43.711
19.085
47.023
4.575
23.843
29.975
14.763
43.020
26.258
6.685
10.254
56.134
38.187
28.936
5.447
13.177
12.707
14.779
24.696
15.519
26.152
13.246
26.388
20.902
23.271
16.912
13.654
37.803
24.801
11.354
12.248
12.551
22.365
22.688
28.972
28.914
8.061
25.593
26.809
29.664
19.370
27.626
8.279
26.093
9.645
30.246
33.829
24.690
14.502
33.478
8.803
26.413
8.742
20.895
28.261
42.489
7.311
18.332
31.574
14.822
37.847
22.825
37.987
21.077
36.947
12.892
23.429
20.894
13.906
43.730
11.527
17.246
7.097
8.173
20.810
20.295
19.729
22.442
24.102
31.918
32.308
23.887
17.913
27.764
18.722
26.637
25.579
12.503
23.358
34.114
15.998
23.796
16.130
14.924
29.716
38.341
27.209
34.671
15.633
33.748
34.163
10.473
12.926
3.878
5.507
2.381
16.450
9.578
7.863
21.836
23.251
5.379
16.631
16.143
12.731
14.080
18.320
2.614
0.905
2.741
3.331
0.933
1.173
13.492
8.665
11.848
20.633
12.083
2.200
15.901
5.579
23.370
4.182
16.474
10.364
11.438
11.469
9.127
5.534
9.868
12.196
2.643
0.648
0.426
7.335
1.373
0.638
3.949
1.096
1.837
8.407
7.107
4.855
2.615
1.883
2.646
12.760
9.091
12.127
10.922
2.565
11.663
24.282
13.853
18.230
9.842
5.784
9.470
14.441
4.624
9.709
13.929
6.081
8.568
8.098
7.185
16.012
3.291
9.889
14.258
11.443
12.426
11.671
15.731
16.855
9.477
7.384
14.359
8.096
7.993
7.429
15.674
11.798
13.726
12.616
6.849
18.594
16.289
11.989
7.238
13.342
4.955
4.635
11.944
8.933
7.648
11.128
4.034
16.012
2.846
5.761
9.722
8.801
14.064
3.537
9.677
4.671
6.074
5.915
11.034
10.667
1.112
8.376
3.639
8.257
9.065
2.217
10.589
2.934
2.684
4.257
5.494
2.454
3.305
5.176
7.275
7.131
6.467
0.930
4.125
8.609
3.909
2.192
4.390
2.709
2.816
1.619
2.769
3.441
1.689
5.255
6.048
5.230
7.033
9.507
3.023
5.981
4.082
1.338
3.881
6.606
3.190
2.799
5.307
2.803
0.871
6.577
2.800
0.844
2.202
1.549
6.523
0.972
3.977
0.517
1.866
2.301
6.153
0.891
4.280
1.752
2.298
1.451
3.788
1.936
1.310
1.940
0.893
0.341
8.665
2.725
1.766
1.887
0.790
3.320
1.995
3.876
1.432
2.174
1.473
0.249
1.419
0.623
2.105
0.804
1.089
0.212
