23.806
14.829
23.791
19.108
2.827
6.397
19.868
14.147
22.058
17.837
15.157
22.331
17.602
17.305
15.346
12.301
29.341
23.680
9.095
6.280
4.020
19.045
24.275
23.706
20.503
12.277
6.281
9.820
29.119
14.120
13.994
8.893
21.007
10.127
5.091
14.896
12.716
25.304
13.859
19.167
23.043
8.725
8.863
12.691
8.447
29.026
4.309
15.408
23.968
5.360
11.330
15.227
13.896
28.551
8.482
15.229
13.943
26.711
16.926
14.752
17.296
5.937
20.989
8.225
18.168
24.729
16.215
22.761
15.958
13.918
20.199
18.994
5.367
16.623
12.972
5.518
16.761
20.165
19.155
29.412
17.372
10.269
5.196
15.352
9.809
3.539
28.534
17.194
2.852
23.383
13.587
16.246
12.340
15.684
12.785
11.391
10.324
7.054
11.830
15.634
13.820
7.627
13.275
6.939
27.075
11.712
9.551
32.549
12.025
25.359
24.748
9.909
16.519
11.734
37.627
16.194
12.379
13.235
22.614
8.793
18.961
8.165
20.652
25.736
13.861
4.931
18.744
19.237
14.156
20.166
18.265
13.584
16.317
7.510
6.434
12.001
14.256
13.106
6.108
16.609
11.619
19.226
14.467
11.227
15.585
15.810
20.143
12.884
10.538
17.080
23.049
16.699
9.149
3.233
25.898
12.689
4.993
19.731
29.054
15.374
16.371
17.871
10.809
9.883
27.799
3.610
18.370
8.620
9.481
19.022
5.613
6.339
10.806
10.326
15.232
14.657
5.349
13.606
13.451
11.366
6.498
4.650
17.515
5.985
17.717
9.298
9.012
4.700
7.781
25.001
5.452
27.835
8.898
20.660
9.165
38.021
37.526
14.243
26.876
7.513
6.660
10.628
8.249
7.243
3.255
7.560
13.481
26.778
11.076
7.491
4.890
14.000
21.653
10.433
14.182
10.360
7.690
8.535
9.280
20.342
11.908
3.948
9.723
9.861
12.758
19.043
8.727
12.703
7.099
13.465
48.806
41.579
15.738
10.652
23.592
4.759
7.471
8.168
14.334
27.002
23.575
16.622
17.860
9.891
6.695
9.977
38.725
33.938
15.420
11.685
11.696
22.672
8.699
4.584
11.031
11.561
6.618
10.573
6.687
10.929
5.697
6.054
16.220
13.081
16.192
27.401
14.182
9.662
9.023
13.164
15.279
11.837
16.722
15.529
12.607
16.094
3.761
2.772
14.454
5.642
5.521
4.118
3.365
10.797
9.983
15.739
9.280
8.962
6.424
7.194
18.384
9.087
5.068
17.936
5.674
5.188
4.186
4.079
3.924
12.593
6.033
4.850
12.610
12.398
7.356
6.344
8.843
8.508
13.063
9.778
14.520
5.328
12.469
11.215
5.551
7.977
6.135
7.894
11.270
5.764
6.696
8.674
17.104
12.721
4.325
7.978
4.607
6.789
7.367
4.945
9.233
7.227
1.725
4.537
3.985
8.113
26.276
9.930
13.950
2.371
11.098
12.413
11.076
12.602
15.699
11.166
18.520
12.329
5.867
7.270
14.738
16.613
4.081
12.914
9.454
5.935
14.081
9.238
6.108
6.266
5.017
9.227
10.234
4.455
11.311
5.081
3.556
6.214
13.907
4.103
7.835
4.257
15.975
5.809
5.950
18.476
10.121
7.718
4.559
8.807
6.918
18.028
10.273
7.769
8.927
9.402
4.213
8.421
5.111
4.814
15.267
4.333
9.834
11.845
15.429
4.398
9.537
3.682
3.485
4.377
9.136
13.235
8.620
6.035
8.286
11.247
6.965
2.643
5.986
18.796
5.481
17.608
17.646
13.269
9.698
17.367
7.585
4.997
14.949
12.360
13.054
6.468
12.078
4.958
6.794
11.414
9.992
1.738
5.788
9.192
4.702
11.649
4.840
5.508
4.361
9.605
5.225
12.078
16.690
4.688
6.793
3.664
22.025
4.424
16.205
6.056
3.998
9.539
13.196
18.034
3.883
5.254
7.570
9.504
4.448
8.308
14.452
6.086
9.924
4.544
13.982
14.928
12.941
18.202
5.607
4.742
12.169
6.321
10.577
13.418
11.170
10.645
12.720
13.009
9.397
3.564
16.660
9.195
8.787
12.107
13.905
9.939
20.649
12.618
4.250
14.057
21.633
9.951
18.081
10.114
13.248
9.960
3.175
24.000
9.285
13.805
5.318
4.478
12.007
5.159
10.798
12.854
15.837
8.889
9.779
18.521
4.415
9.405
2.752
14.874
15.728
14.095
9.917
3.477
7.278
5.741
21.459
4.813
16.069
12.433
9.404
11.156
17.724
17.221
16.890
16.091
9.633
19.401
13.658
10.122
4.742
6.002
6.091
11.161
6.407
7.030
11.955
6.967
21.098
13.986
10.575
7.224
9.829
4.007
7.433
17.169
7.575
5.982
3.053
22.079
14.992
8.296
6.642
12.204
4.826
16.544
6.135
4.248
4.494
5.690
5.623
10.141
2.114
2.184
2.298
4.540
6.658
15.535
4.956
5.337
4.613
8.104
3.986
2.952
12.655
6.716
15.611
2.638
2.865
13.940
12.478
13.187
14.227
10.800
17.946
4.017
4.117
4.756
6.600
7.391
6.676
12.165
13.801
6.917
17.713
4.736
5.171
6.562
9.534
16.721
16.281
5.271
6.323
1.892
6.000
4.205
19.863
4.584
11.447
4.810
12.453
7.802
5.961
5.235
9.069
12.908
22.839
19.310
10.361
8.742
13.572
4.116
10.132
4.428
18.500
3.912
15.500
15.172
11.386
5.104
4.926
46.759
19.755
10.199
24.062
8.751
17.102
14.853
14.871
14.635
14.543
12.758
7.666
5.755
16.264
12.896
16.057
12.345
15.085
17.770
6.934
14.891
12.705
15.590
2.380
3.674
3.157
4.581
8.215
3.884
3.645
3.551
14.347
11.953
9.921
7.379
3.751
13.795
1.909
2.192
6.027
4.234
25.083
5.260
3.061
7.296
3.959
3.322
2.826
3.171
12.485
5.196
4.319
2.241
10.506
3.141
7.016
3.946
1.830
4.935
4.953
16.510
2.559
7.071
9.532
4.242
5.459
8.459
9.211
8.654
1.845
6.030
10.961
1.343
7.583
4.263
10.753
6.252
8.958
5.910
2.517
4.389
5.487
16.266
7.333
11.590
2.516
3.168
9.842
13.469
2.934
0.636
1.375
1.047
6.972
2.254
13.127
4.674
4.819
11.155
0.270
6.389
6.389
7.508
23.320
31.801
14.296
28.553
14.435
4.174
0.827
5.938
2.594
6.934
5.505
10.033
11.791
19.010
15.796
5.027
4.310
8.653
4.910
4.807
12.432
7.619
7.447
12.560
10.938
15.136
5.978
12.475
12.737
16.686
4.840
11.729
4.839
9.798
5.218
6.436
4.524
3.845
12.566
7.327
8.066
10.999
4.601
7.219
11.128
6.160
14.683
15.581
9.291
5.902
5.698
9.473
4.963
6.216
13.628
15.434
13.342
14.493
5.277
10.648
10.754
4.652
10.486
7.415
13.926
12.826
5.220
15.203
10.117
11.013
15.424
10.616
7.284
19.643
9.265
3.758
12.751
14.974
15.053
19.824
3.602
4.525
11.249
9.124
5.405
5.109
17.456
7.598
23.689
7.087
24.863
15.597
11.360
6.603
4.530
3.955
15.343
3.507
19.430
15.737
6.423
10.118
3.843
6.372
16.743
4.266
6.529
11.025
9.846
14.753
5.309
19.002
22.209
14.470
7.556
5.138
8.805
12.331
4.761
10.361
3.157
22.646
10.246
6.111
10.926
25.263
10.430
15.161
4.242
20.188
20.746
3.971
17.056
3.781
14.479
8.826
14.010
23.875
8.510
9.818
25.302
5.908
12.611
17.121
6.525
10.039
13.739
9.905
12.819
3.773
14.851
9.696
11.308
7.418
8.723
10.630
10.372
7.703
12.862
8.208
9.888
10.063
7.625
22.725
14.863
5.639
26.628
10.566
10.995
18.083
10.229
4.177
15.691
10.268
5.788
9.429
5.304
6.749
6.056
21.028
8.329
11.418
14.620
7.749
5.080
16.734
3.392
9.158
7.334
5.524
13.730
6.528
16.255
9.873
7.869
11.513
5.157
4.532
8.358
11.769
21.858
12.449
17.979
11.470
12.257
14.814
6.107
5.320
16.221
8.192
9.986
9.510
10.221
13.571
18.626
7.794
14.076
11.911
17.404
2.662
4.690
5.575
5.449
7.982
7.766
4.149
4.695
13.980
24.198
11.704
8.800
19.413
21.520
4.319
4.109
15.555
8.193
14.957
9.753
11.230
6.674
11.152
23.307
11.740
11.717
4.308
20.166
17.027
16.466
4.543
8.411
11.613
17.156
7.749
5.312
3.942
15.023
34.405
10.930
19.698
5.170
6.711
14.879
6.757
11.024
5.081
26.695
5.325
15.373
13.787
14.094
5.522
9.353
10.255
6.957
3.375
19.838
5.719
17.075
0.614
5.019
7.506
13.236
8.433
48.994
17.367
12.151
46.951
31.219
7.746
2.735
6.091
20.032
21.601
16.455
11.126
11.629
13.669
11.620
19.565
19.105
5.061
4.763
7.712
14.545
3.654
9.782
6.240
22.075
5.266
9.670
12.099
5.033
15.579
8.001
6.237
28.429
4.608
4.084
8.181
6.439
41.326
6.453
3.060
3.684
17.241
5.921
3.190
3.558
13.180
4.333
5.532
5.635
12.294
32.685
12.091
12.228
8.654
11.329
17.090
6.242
8.422
10.255
17.621
7.386
18.745
10.978
16.128
13.122
9.692
13.811
18.596
6.802
8.928
10.976
6.794
4.463
3.058
15.645
6.491
14.249
12.503
9.598
7.598
14.581
13.185
6.473
3.564
4.276
3.348
13.332
2.432
3.897
3.279
7.565
3.755
8.279
9.816
14.810
13.862
22.490
15.624
16.248
4.626
3.963
11.794
3.348
10.575
11.606
19.607
4.112
9.346
3.460
8.881
4.746
13.959
9.205
4.953
15.647
5.322
10.224
4.886
12.594
12.230
2.157
3.363
6.235
9.362
22.876
16.841
4.601
34.015
2.822
4.219
20.012
11.725
29.594
6.575
10.994
15.733
11.565
23.524
6.348
8.579
3.791
8.282
15.316
5.077
13.105
9.532
16.497
9.317
21.418
8.433
11.278
12.226
8.132
19.707
10.689
13.373
5.011
17.906
3.395
15.529
6.291
16.525
4.743
20.103
4.572
13.745
9.144
13.302
20.003
8.008
6.885
22.435
12.683
4.894
10.148
10.706
7.007
10.932
13.301
13.025
10.145
18.329
7.286
9.849
20.104
28.045
10.278
6.473
14.867
4.823
6.187
11.421
18.278
4.751
15.807
2.940
14.315
46.181
5.731
7.824
3.308
6.361
15.954
14.768
15.106
7.017
5.997
7.047
12.550
34.534
3.569
14.037
12.035
24.598
10.634
6.969
19.869
19.080
8.349
4.707
5.220
4.071
5.756
9.366
15.193
5.071
3.468
19.701
6.084
12.513
6.557
16.517
10.944
24.660
15.720
3.648
5.795
5.375
9.527
17.349
9.082
19.378
11.146
4.508
4.541
2.840
4.195
4.066
11.148
48.289
14.234
5.941
14.636
11.749
6.407
12.622
8.831
4.762
12.315
15.415
9.168
25.598
14.070
16.010
11.933
19.545
21.315
16.192
19.616
7.289
4.766
8.232
6.202
6.344
13.592
12.341
5.062
19.786
5.561
30.865
14.767
15.341
11.394
2.816
9.402
3.271
8.179
15.038
13.289
9.372
11.973
17.641
0.717
3.267
13.537
37.300
10.034
3.649
10.821
13.099
1.514
30.821
5.985
11.627
36.671
9.845
11.852
6.836
18.400
20.351
22.247
10.075
6.961
21.221
24.254
2.477
7.454
20.817
7.054
13.538
1.753
25.118
27.910
8.305
5.597
7.840
19.448
16.426
3.005
13.866
2.450
4.485
8.350
3.283
3.418
4.369
10.233
14.814
10.449
3.192
12.405
2.878
8.273
11.483
13.843
7.935
2.741
10.659
4.314
8.155
4.029
2.631
6.696
9.304
3.722
10.734
3.575
4.458
2.605
2.398
3.476
11.877
26.114
2.624
5.020
1.483
15.313
2.066
24.543
3.295
2.378
4.762
2.041
3.329
5.125
2.161
7.064
4.440
2.567
3.398
2.061
10.278
15.045
4.730
27.527
2.971
2.735
1.693
15.245
7.995
3.982
7.767
11.245
13.271
13.995
6.587
6.494
24.264
15.789
1.230
18.352
7.665
12.457
14.666
28.959
27.755
2.623
11.567
18.566
17.024
4.637
14.170
9.841
20.791
16.105
4.238
6.970
2.624
11.626
17.699
9.302
9.059
4.527
11.777
17.092
9.350
26.828
15.834
10.148
0.125
5.996
4.730
0.123
3.039
0.178
32.441
32.354
27.784
15.908
9.839
19.616
24.283
37.890
35.614
12.615
37.005
6.972
6.450
3.878
1.369
1.740
6.183
12.214
17.370
20.153
17.923
6.575
36.331
8.795
3.261
5.449
1.053
0.135
0.934
1.925
0.521
0.135
0.303
6.512
25.478
13.645
8.906
15.922
17.920
3.306
5.773
3.385
21.190
14.804
14.763
12.046
16.038
4.955
13.264
3.770
2.870
10.870
3.799
15.753
13.935
18.739
9.425
14.139
17.314
8.212
19.135
3.185
28.724
10.352
3.127
6.878
16.146
16.869
6.222
9.617
5.372
12.753
10.876
17.836
9.254
17.565
20.974
8.457
11.738
5.923
6.729
3.277
6.255
10.722
8.584
5.489
11.656
28.077
4.380
11.214
5.181
4.959
17.754
15.012
23.841
11.950
14.465
19.057
7.227
2.897
4.773
20.182
11.912
14.862
16.998
4.645
6.020
13.793
6.198
8.139
8.063
7.660
21.758
4.257
12.372
12.000
17.582
7.037
3.503
26.652
5.661
19.717
3.917
4.173
19.890
8.394
8.873
13.257
14.935
13.452
6.746
8.523
16.892
6.034
8.874
6.725
4.399
9.250
14.689
13.458
3.917
6.325
7.612
10.913
8.658
4.541
5.829
26.802
10.954
12.706
18.210
12.616
6.655
2.451
15.219
16.709
16.290
9.121
4.537
21.334
34.799
4.835
5.064
7.233
4.848
6.009
5.691
6.254
8.129
10.069
3.449
11.080
4.601
4.635
7.349
8.533
17.402
19.442
10.708
16.093
8.167
21.009
10.698
11.011
6.637
18.065
13.701
14.451
5.041
12.905
5.657
11.035
9.836
21.011
15.254
8.779
7.607
7.228
9.123
6.566
10.665
12.959
11.823
9.776
13.409
3.329
21.174
5.663
13.609
10.072
21.666
3.894
3.782
19.521
16.978
10.375
16.106
6.762
10.228
13.732
11.986
25.391
12.202
7.778
5.257
7.239
5.510
12.304
10.713
7.276
3.504
11.243
11.826
7.734
15.980
6.256
16.099
14.732
23.727
21.293
14.293
1.956
3.887
10.467
9.269
19.149
5.925
4.687
9.814
5.303
3.269
15.260
14.543
3.999
4.306
6.118
15.789
3.763
7.020
11.759
4.430
8.117
5.277
5.867
3.259
11.716
25.354
8.326
16.214
10.503
11.347
8.482
17.820
6.160
6.621
24.951
9.123
5.709
4.591
4.743
5.170
2.040
12.324
6.493
7.432
14.446
28.507
5.112
5.079
20.150
19.640
15.931
2.822
12.191
4.296
20.494
9.481
6.200
10.907
15.889
20.415
8.039
8.854
13.504
12.037
23.305
10.706
9.498
4.936
4.839
6.192
12.554
5.745
15.957
9.702
5.027
13.328
18.715
13.294
3.035
9.851
24.774
14.767
15.686
12.687
7.790
18.985
17.205
12.452
6.336
5.170
26.045
7.233
18.781
9.492
12.508
10.488
5.041
30.731
23.284
20.459
26.550
26.948
19.654
5.662
18.781
4.517
3.464
8.914
4.213
3.811
18.747
20.191
45.143
10.909
38.247
24.752
12.760
31.684
20.185
48.308
25.134
17.084
13.800
13.043
25.948
21.361
19.848
20.498
4.910
47.790
5.816
8.333
8.593
9.626
22.910
8.690
13.360
3.075
4.688
3.028
16.360
12.675
19.324
13.165
12.068
9.302
7.956
6.514
13.904
9.536
27.595
17.034
6.882
7.411
6.908
5.972
13.855
11.397
2.842
6.312
2.744
8.736
5.502
11.462
2.631
9.055
14.166
8.082
8.971
7.024
2.361
5.848
11.266
11.712
2.661
6.726
2.860
6.984
19.123
10.877
10.889
12.171
9.122
8.860
15.426
6.028
15.728
1.209
15.208
6.140
4.186
16.336
10.200
10.018
3.049
6.632
15.459
13.284
15.506
27.467
17.741
9.213
8.079
4.577
3.087
9.179
2.980
8.507
4.572
3.503
8.916
17.548
8.472
3.555
24.893
11.972
3.443
16.611
12.966
14.352
9.863
15.915
4.699
18.858
14.090
11.607
5.463
11.691
11.840
4.308
11.600
7.052
2.468
8.802
12.088
7.748
4.628
8.967
4.866
14.001
10.017
18.445
6.664
12.725
5.516
7.206
6.837
4.577
8.632
3.647
23.544
10.079
10.675
18.862
3.991
9.687
11.074
7.063
10.368
4.172
17.243
4.620
15.511
4.376
4.946
14.741
12.932
12.354
13.476
4.226
5.592
3.272
6.983
20.490
24.792
21.025
2.560
5.833
11.943
12.493
4.020
7.086
16.664
11.550
11.432
17.138
8.138
3.513
8.895
6.428
9.635
17.199
21.715
11.337
14.959
10.189
3.813
4.323
2.434
5.333
6.680
15.156
14.154
4.293
9.728
14.576
17.491
9.440
11.265
9.010
8.284
8.528
18.721
12.426
24.119
18.287
11.237
14.806
4.883
20.162
11.279
4.536
12.585
4.522
11.634
8.198
18.559
19.037
6.154
11.114
3.532
17.424
10.801
7.542
7.340
15.143
7.123
9.834
10.363
13.671
12.122
10.482
5.667
8.264
3.478
9.685
5.366
14.053
3.762
4.683
17.993
24.447
13.648
4.846
16.055
2.550
16.068
16.288
10.425
13.571
22.196
13.659
14.438
3.494
4.848
4.815
3.969
14.298
6.251
17.741
7.952
32.253
6.720
10.475
26.703
6.987
11.300
8.024
6.944
3.159
7.901
3.026
23.425
11.866
17.434
3.192
7.596
5.070
16.868
11.064
3.064
23.474
22.988
13.005
5.403
6.524
13.797
1.977
15.621
3.493
3.027
4.561
17.688
31.689
24.548
24.569
8.077
6.427
5.420
3.228
11.057
33.835
14.373
14.918
1.727
2.736
3.396
3.476
3.074
19.062
3.164
3.352
0.620
1.440
8.287
12.889
3.995
12.242
13.126
14.279
16.491
16.293
4.420
17.086
3.659
7.243
6.334
18.104
11.472
7.799
15.509
22.059
21.877
21.562
18.844
17.809
15.771
17.190
18.888
9.155
14.164
24.894
18.656
17.005
14.414
17.577
13.308
14.776
5.618
1.968
3.645
1.151
4.128
5.857
5.422
1.624
21.550
2.771
3.520
6.776
23.210
9.001
30.746
22.205
1.945
5.441
3.458
3.065
14.886
14.588
5.853
12.379
4.757
1.363
9.044
3.405
2.469
1.115
4.464
14.303
1.639
14.809
19.317
17.895
3.195
12.483
8.802
9.590
20.369
1.885
14.921
9.560
1.478
2.081
2.549
1.847
11.366
10.027
14.148
9.586
10.625
4.449
1.711
33.401
38.090
41.986
37.922
14.231
4.133
9.251
13.222
13.927
14.026
13.436
7.074
5.987
3.455
5.840
2.903
2.942
1.643
0.730
0.376
0.867
7.851
6.973
10.857
27.259
31.992
27.966
14.257
6.401
4.598
9.263
15.789
4.758
15.576
4.706
7.701
6.502
4.289
16.538
9.110
4.815
26.602
7.791
8.693
11.845
1.879
13.190
8.614
6.915
10.287
18.058
21.569
5.496
6.520
12.733
2.884
11.087
9.264
3.352
12.787
7.363
9.476
6.399
6.362
6.952
8.767
10.029
6.555
12.197
30.278
8.686
13.208
33.569
7.300
7.952
8.385
23.000
11.398
6.972
5.335
10.462
6.630
22.449
18.751
9.649
27.681
7.574
36.533
14.916
11.990
14.125
10.127
9.876
1.760
5.238
2.600
16.965
24.468
13.153
21.974
11.552
5.257
8.242
13.968
2.791
4.702
2.300
4.793
3.905
8.797
3.482
3.820
8.202
20.622
17.185
8.272
7.338
23.119
22.402
6.207
2.556
8.505
3.796
5.132
47.525
3.912
4.609
10.188
3.898
4.263
7.114
7.902
1.932
18.929
23.766
14.555
10.609
17.910
19.238
8.540
2.972
6.489
11.850
4.098
4.290
8.267
7.693
4.531
9.650
8.101
4.133
3.836
5.635
9.601
13.847
4.461
22.892
4.933
3.454
27.182
3.497
11.158
3.493
8.803
4.296
4.186
6.732
13.239
13.412
13.261
14.634
24.094
8.517
16.599
11.951
15.557
25.155
19.146
7.635
6.242
13.004
25.134
7.085
5.553
20.816
4.767
6.016
5.277
3.978
6.405
7.632
5.581
10.563
5.151
8.717
19.120
7.534
21.319
15.993
6.572
17.210
6.538
3.763
8.221
23.093
3.617
12.073
14.650
6.739
8.772
6.023
3.690
7.102
12.219
9.984
9.097
4.900
5.983
14.984
12.097
3.751
27.475
15.888
8.767
5.127
9.039
9.347
4.331
20.430
4.352
16.091
24.474
15.879
19.604
4.900
7.100
32.762
7.134
7.691
16.114
3.971
22.095
3.602
23.558
21.830
15.876
17.734
17.611
15.815
11.913
14.153
16.096
17.315
16.168
14.871
11.798
14.910
4.083
10.253
4.100
11.742
12.303
9.181
8.684
3.886
22.427
8.830
6.503
6.655
5.846
10.263
18.865
4.068
9.754
14.126
7.455
3.473
5.881
9.787
9.008
6.107
17.734
3.178
18.760
17.821
26.501
13.544
11.938
10.786
13.590
17.640
8.004
18.974
7.599
10.238
11.707
14.190
5.666
2.770
8.717
3.704
10.470
9.170
3.356
4.637
10.410
7.879
4.975
6.888
9.633
10.516
8.100
4.689
18.167
6.117
19.480
4.842
29.357
18.252
19.484
5.323
5.210
15.286
11.614
2.826
10.988
5.805
3.083
4.308
3.865
1.318
2.955
2.672
17.874
20.070
22.631
4.261
18.037
13.971
37.995
13.694
4.831
3.861
2.042
4.451
1.637
10.287
9.925
10.836
15.473
4.181
15.002
10.343
12.114
10.798
13.779
8.832
5.283
6.728
13.455
12.475
8.386
3.102
6.370
10.465
17.209
7.589
9.646
14.271
14.228
5.617
9.079
3.328
9.455
7.043
4.274
24.349
9.949
19.691
9.462
3.320
8.145
14.128
3.083
12.334
15.969
3.786
12.819
2.468
18.247
14.630
14.968
8.257
11.144
7.741
18.073
6.519
10.543
14.475
18.252
24.692
9.050
13.763
12.067
11.331
4.781
17.342
9.359
3.933
17.629
7.060
6.331
12.923
10.126
8.318
5.646
2.430
26.878
3.184
46.574
5.505
16.579
28.414
5.273
16.164
5.179
7.499
15.755
24.121
20.727
23.881
15.653
8.888
21.500
12.494
2.282
9.179
3.582
7.886
8.859
8.114
8.610
12.355
10.432
15.252
12.547
2.873
4.979
12.778
3.973
17.424
9.955
5.063
13.942
8.684
3.721
6.111
7.867
3.700
14.479
4.995
8.995
6.731
13.125
7.015
13.396
21.992
7.975
13.473
10.468
5.184
15.785
6.895
4.751
15.213
7.519
13.656
12.900
10.009
8.285
11.751
10.322
1.723
10.656
5.013
8.381
9.967
10.398
14.813
15.838
15.783
3.578
5.439
12.172
16.461
5.173
4.556
3.534
6.965
8.839
2.570
22.174
14.821
14.625
4.354
5.857
4.331
3.226
3.471
9.657
6.137
11.165
5.884
7.789
13.664
5.549
5.065
2.397
4.274
19.374
11.715
6.482
4.248
5.687
3.309
7.106
2.683
4.691
4.957
2.248
4.607
4.115
8.691
13.696
10.723
8.974
24.207
3.583
17.887
4.686
2.539
9.338
4.359
3.660
5.723
7.489
1.731
5.376
6.979
6.972
4.254
6.783
14.943
3.745
14.492
3.897
3.967
25.231
6.348
3.888
6.119
8.654
2.817
7.068
3.470
5.537
8.522
2.199
18.712
16.000
3.502
5.089
3.446
6.270
11.277
4.283
7.903
15.903
19.342
5.046
3.694
3.382
3.368
3.061
23.941
5.212
3.566
23.412
15.049
2.812
9.055
3.416
15.324
14.527
4.229
22.498
16.582
0.831
18.404
16.878
14.851
6.200
12.716
4.037
7.842
8.471
9.198
4.836
13.641
7.875
9.609
4.105
8.582
14.275
12.062
5.430
4.784
5.689
6.341
13.451
17.391
3.866
3.427
3.831
6.191
7.766
6.438
3.731
11.755
3.963
9.523
2.055
5.092
4.188
16.909
20.869
1.426
12.644
11.014
7.046
1.573
16.330
3.666
2.765
4.571
3.399
3.193
22.378
1.465
6.314
12.824
11.361
6.010
2.788
3.288
3.213
8.314
5.863
14.587
5.040
9.575
3.995
7.615
11.593
18.777
15.773
7.367
11.650
17.580
3.346
39.206
12.866
14.825
14.018
2.837
3.722
19.715
2.483
7.892
3.099
15.886
6.350
4.226
5.641
10.595
20.491
4.576
5.792
7.249
10.545
20.164
5.564
11.413
7.414
3.827
4.474
3.673
12.870
2.571
6.248
5.255
16.249
11.281
7.763
2.410
18.605
16.643
9.294
3.720
10.120
7.311
4.847
19.003
18.666
3.496
1.538
10.886
11.094
12.585
5.120
7.259
24.626
1.716
4.631
19.765
10.660
10.731
17.403
3.848
31.326
2.130
5.777
3.271
11.961
13.328
11.915
36.726
37.382
13.469
1.848
9.504
1.737
14.318
2.542
1.729
6.410
2.886
35.236
38.128
37.045
35.098
15.605
7.291
11.989
6.406
7.521
9.365
2.221
10.961
10.522
3.326
0.799
0.751
1.842
21.153
21.755
17.931
3.573
8.497
17.502
11.215
4.364
10.965
14.685
5.071
7.896
12.396
5.660
20.733
25.107
9.274
9.428
10.503
5.178
4.793
9.542
11.606
5.769
6.719
7.176
5.894
14.063
4.397
8.697
13.313
1.837
4.161
6.247
5.952
11.195
9.146
8.802
13.447
5.003
3.521
6.250
12.270
13.507
15.461
8.308
9.746
22.337
7.726
5.357
14.475
7.008
12.876
18.689
12.771
23.146
9.099
4.320
14.209
7.686
5.318
5.803
8.941
8.944
20.376
26.115
5.256
16.379
10.860
6.382
6.679
6.025
8.881
6.204
20.364
7.487
10.657
16.182
6.105
5.465
4.937
3.157
6.702
15.948
8.529
8.305
8.378
7.589
7.594
4.879
13.085
9.241
9.795
9.629
10.706
11.206
4.552
5.721
22.503
7.271
6.314
4.331
23.773
17.504
8.086
6.168
5.755
3.836
1.841
6.137
15.552
19.567
16.506
3.839
16.872
11.638
12.970
15.770
10.956
3.961
8.227
12.578
12.577
15.698
25.366
11.193
9.901
19.762
20.669
16.524
5.218
10.112
19.120
9.951
10.775
9.641
11.686
4.826
6.359
4.488
15.497
9.969
25.026
5.210
16.271
13.546
21.217
4.702
20.521
7.772
4.555
15.956
22.833
24.807
14.942
3.158
17.312
17.315
12.946
7.776
21.662
21.493
15.749
17.224
15.362
6.120
14.494
14.088
15.012
23.790
25.556
14.617
8.097
3.391
8.794
3.773
4.901
14.281
21.398
16.369
4.736
9.209
14.724
11.553
23.648
10.270
7.615
15.379
11.944
6.802
16.485
23.782
9.413
10.402
9.433
12.889
4.937
5.286
8.933
8.171
11.600
15.054
3.920
11.062
15.085
18.499
25.670
14.922
9.219
11.734
31.654
9.149
9.724
19.827
12.956
6.858
7.959
7.931
11.442
9.383
5.851
18.361
8.971
13.376
7.130
10.290
8.215
2.951
5.162
4.630
8.793
13.555
5.302
6.090
9.227
10.582
6.346
15.226
10.392
7.148
6.274
9.284
11.133
4.761
4.733
2.434
7.718
5.111
16.549
6.929
5.642
9.990
5.996
22.306
13.467
19.356
14.649
23.656
12.847
7.979
16.280
5.113
30.656
12.887
9.060
13.954
6.578
4.698
9.930
4.899
10.106
16.297
6.985
6.949
12.174
14.663
4.333
11.957
5.997
15.987
6.573
8.083
7.843
9.065
11.686
6.991
5.401
8.198
18.658
9.323
4.262
19.435
24.340
10.837
5.183
8.490
7.871
9.384
16.708
4.510
13.299
6.680
5.514
7.917
9.526
4.961
6.281
5.811
9.912
7.835
8.865
18.339
15.156
10.712
15.788
4.664
5.766
10.272
7.847
7.544
15.713
6.118
11.397
21.582
14.862
13.117
16.593
4.775
7.793
11.870
8.622
6.994
3.702
7.004
4.612
7.757
12.579
11.420
4.176
13.345
4.087
14.774
7.916
8.384
11.674
5.866
8.726
11.182
13.234
6.497
14.641
12.622
7.019
10.212
7.987
39.740
7.387
4.120
6.147
11.962
6.595
12.244
17.553
13.482
7.720
14.770
6.565
14.385
7.838
5.014
12.854
5.491
12.499
22.772
13.027
6.871
4.885
5.137
13.754
7.941
4.467
15.291
7.917
3.335
4.827
5.489
12.500
3.165
11.866
4.889
14.805
26.699
3.409
3.602
40.546
2.271
23.997
3.337
9.917
4.621
10.365
14.698
6.492
14.215
7.397
3.059
9.472
10.200
17.864
10.588
24.410
7.477
7.567
7.608
26.273
10.586
11.268
5.683
13.648
20.568
13.701
4.455
3.999
10.972
12.727
14.052
12.260
3.332
1.943
15.652
7.980
25.174
21.506
9.638
18.030
19.087
3.977
3.488
1.644
2.502
2.955
5.643
3.229
26.972
8.137
9.216
22.260
9.361
12.566
18.911
11.361
6.773
11.547
8.752
18.025
18.610
8.030
8.663
9.138
5.259
14.615
9.103
4.375
8.861
13.735
3.182
5.922
12.644
29.338
15.016
9.572
26.675
13.551
16.543
9.673
2.913
19.553
15.139
12.318
5.190
13.054
13.865
6.850
3.841
18.596
7.774
4.739
5.290
2.247
10.992
10.710
5.304
4.341
16.257
15.066
15.950
8.037
10.913
21.713
18.501
21.813
49.754
34.999
20.603
17.601
26.484
7.249
19.279
17.387
9.768
8.732
23.440
14.533
9.393
8.674
3.830
3.427
16.685
14.284
21.647
27.424
47.485
10.891
20.793
26.267
20.728
11.796
11.885
13.034
22.809
6.542
19.019
25.526
23.532
22.510
23.783
24.456
12.176
11.353
11.635
8.121
15.630
8.498
4.413
3.902
6.449
8.089
11.532
3.033
5.377
5.252
7.257
12.476
8.367
7.029
4.227
17.543
4.422
8.430
4.015
6.982
3.124
6.295
11.483
7.773
11.100
4.485
4.106
7.048
4.571
18.987
2.582
14.318
6.767
23.271
15.182
14.488
11.616
4.319
12.426
10.871
9.529
4.722
4.829
12.096
6.293
3.872
12.973
13.774
8.616
4.797
6.683
18.808
7.040
13.066
19.963
5.493
14.449
11.001
10.300
22.343
22.042
5.929
20.838
7.986
4.535
7.965
8.516
1.916
7.170
11.250
14.869
14.372
6.089
19.540
8.618
8.085
18.557
12.732
27.028
7.549
20.881
8.345
3.254
4.771
9.906
4.502
8.581
2.883
11.306
9.468
4.839
6.996
4.616
5.127
4.488
5.929
5.835
3.551
18.786
9.118
6.964
3.954
10.216
8.462
3.989
6.069
3.703
12.484
33.012
8.396
22.631
3.042
12.250
1.369
24.728
4.351
4.248
5.684
3.487
8.403
5.857
2.277
22.106
11.387
7.172
19.137
4.316
5.235
14.802
5.873
3.271
4.118
4.705
3.572
3.279
28.321
6.888
1.663
5.136
6.269
5.159
6.247
9.113
3.393
27.450
23.678
34.561
10.735
2.317
3.147
21.283
5.194
10.566
8.290
8.815
4.570
15.095
10.447
1.676
22.348
5.591
5.591
36.145
29.405
40.723
4.596
15.795
39.373
18.023
14.850
13.843
28.694
4.655
31.194
10.825
6.183
2.746
4.221
15.886
1.371
19.390
1.827
5.210
3.805
4.436
0.876
2.035
2.335
18.326
33.531
40.792
11.276
4.243
13.956
11.404
29.812
9.980
4.346
20.140
7.655
4.029
0.135
0.615
11.873
20.937
5.381
6.389
7.408
5.236
5.761
12.635
5.064
13.960
14.615
14.054
6.004
11.779
6.402
5.034
4.033
5.050
19.919
6.309
3.910
3.954
4.498
4.995
5.587
3.045
5.564
6.602
16.119
7.073
11.703
9.167
4.277
5.479
14.483
10.615
6.040
16.613
7.989
7.733
15.723
7.541
6.548
15.171
13.253
4.376
4.668
7.597
18.821
8.923
7.552
10.198
4.164
4.582
15.089
16.327
3.367
18.506
9.442
9.434
18.226
8.352
9.637
7.916
6.760
5.185
7.822
5.696
14.556
5.624
7.306
6.672
13.216
2.058
15.369
9.560
13.937
5.028
14.782
7.101
6.707
8.029
6.605
9.730
16.776
6.273
5.854
5.345
4.817
11.657
4.465
3.372
5.969
8.944
5.019
4.577
4.385
8.830
12.871
5.574
14.737
5.354
15.230
19.422
15.242
16.897
8.634
5.150
9.593
6.783
7.348
9.773
9.315
9.700
8.331
17.234
12.056
5.392
19.076
24.201
25.398
17.780
12.421
17.403
11.566
19.242
12.847
24.612
27.177
10.045
29.002
22.776
20.064
35.525
10.835
7.521
7.561
22.741
9.315
14.547
17.682
22.076
16.269
14.601
23.359
18.587
8.394
13.859
36.615
36.226
18.202
47.270
32.710
8.867
35.634
35.649
11.873
18.831
16.774
11.675
7.322
5.810
6.002
4.998
5.465
14.509
5.865
11.416
14.018
13.305
8.612
8.921
18.758
8.859
16.856
6.830
4.399
10.703
4.916
13.633
7.105
9.660
10.787
3.577
8.175
15.350
4.190
14.133
5.607
4.231
4.902
17.043
6.288
15.422
6.421
11.375
16.072
4.279
6.592
2.338
3.440
14.290
23.774
9.471
12.312
5.455
11.146
5.745
1.731
13.147
6.240
4.061
9.191
6.684
11.336
8.165
18.109
11.437
6.057
2.641
4.020
3.446
24.637
6.992
19.512
8.536
10.695
10.328
12.378
2.134
17.357
18.566
5.792
11.017
5.091
12.790
6.263
11.361
18.993
11.996
7.720
10.692
7.191
11.442
18.197
5.087
15.625
10.469
12.006
9.910
9.124
10.012
4.552
17.901
4.100
17.466
12.038
6.414
7.135
11.223
13.160
8.307
15.312
4.577
9.855
4.959
6.568
3.756
20.025
4.783
27.332
22.177
3.480
7.928
16.294
5.108
20.628
7.227
11.693
13.536
6.751
10.698
13.465
10.671
15.873
15.597
7.792
7.968
12.539
3.429
4.374
3.642
8.289
3.801
18.458
12.154
8.836
5.991
5.977
4.980
3.632
14.926
7.186
10.771
6.171
10.132
8.946
4.494
12.762
4.690
12.291
17.827
10.682
16.013
9.947
9.518
15.085
10.325
18.284
16.371
4.291
16.084
38.116
13.352
8.540
29.518
15.576
16.631
10.378
13.572
23.991
5.184
8.308
10.642
15.919
17.994
6.105
18.820
3.433
11.548
13.620
14.704
8.519
8.170
5.717
9.592
8.554
11.602
9.136
10.693
26.027
21.145
9.062
12.999
17.608
6.565
15.027
25.534
21.811
15.852
14.080
10.587
26.898
16.946
6.235
4.223
4.823
6.433
13.827
8.068
18.288
13.393
17.095
8.008
7.136
18.099
5.719
7.018
10.035
11.101
5.552
3.952
13.600
7.757
4.492
13.141
7.236
3.260
3.767
5.442
12.812
6.949
11.756
21.269
7.081
10.435
25.425
14.944
6.564
13.986
7.277
7.527
17.918
9.518
13.158
3.738
9.968
14.405
3.657
21.543
18.414
14.197
9.010
10.362
11.865
11.467
5.165
12.301
5.053
12.625
7.821
3.060
16.758
7.282
9.269
11.534
21.175
4.105
11.562
14.007
8.185
13.437
15.244
13.070
20.443
7.312
6.851
13.837
9.283
5.944
5.463
11.537
3.164
10.109
5.813
16.124
11.454
10.809
8.587
8.809
6.815
5.225
17.686
7.738
6.432
16.877
3.672
2.689
5.691
4.386
6.726
8.018
7.827
3.880
17.965
19.398
12.242
20.033
27.768
3.288
4.548
23.388
4.264
18.124
10.725
17.186
11.496
14.640
11.205
9.570
8.526
13.927
4.106
3.838
9.993
13.663
5.551
24.994
16.406
8.885
8.278
6.444
20.361
4.391
13.485
14.350
9.125
12.858
3.364
18.931
12.603
8.729
11.916
4.676
14.082
5.483
14.798
8.024
10.969
9.963
6.105
18.111
10.427
7.340
14.056
19.615
26.981
6.287
4.846
15.008
4.470
2.390
16.907
16.208
3.307
13.197
7.059
7.082
3.175
7.316
21.867
10.021
9.868
3.586
14.825
4.436
7.693
8.873
3.738
3.285
5.052
7.893
15.130
13.882
19.819
7.998
3.172
2.276
11.901
10.965
11.538
8.181
14.833
10.378
6.010
8.307
11.796
15.091
4.276
7.848
6.991
4.400
3.793
4.681
9.823
4.759
6.654
4.522
11.743
11.377
9.909
21.535
0.707
3.272
13.097
17.318
11.399
6.260
16.302
14.353
17.448
14.017
15.508
9.608
7.380
19.247
6.203
14.854
7.733
6.549
13.807
12.025
26.795
2.071
18.174
18.655
27.034
9.130
13.823
3.124
18.781
16.386
25.947
26.899
7.338
7.036
17.941
10.721
12.742
5.703
15.917
10.585
2.593
11.203
6.111
18.400
25.432
12.444
15.686
10.909
14.768
4.385
22.762
0.511
2.748
3.804
9.883
8.037
3.595
14.756
11.446
7.031
16.164
18.206
5.185
14.528
4.905
9.048
2.489
1.822
11.171
4.317
15.809
12.830
13.228
6.084
10.685
10.264
19.435
6.659
15.071
13.143
8.056
2.638
20.370
2.876
6.761
10.551
15.296
3.298
2.779
3.887
18.543
3.881
4.412
4.849
4.020
9.676
7.806
5.039
19.645
14.231
13.351
10.311
2.222
14.888
2.484
4.053
9.911
5.344
9.277
13.281
6.423
3.005
7.906
22.980
6.349
3.463
17.405
4.830
13.494
15.271
4.430
19.253
17.169
12.623
9.698
7.248
3.146
13.179
11.160
4.672
11.070
11.605
7.825
13.127
15.113
4.940
7.181
6.755
3.404
6.185
16.775
0.125
25.422
18.137
12.655
0.913
3.010
13.604
16.232
1.973
2.718
19.066
19.423
19.019
17.641
8.049
2.731
27.043
14.023
9.822
0.456
8.245
1.728
1.321
2.568
1.029
0.501
0.102
0.456
1.238
0.135
10.725
14.389
12.920
6.478
7.058
25.386
16.337
7.337
10.229
8.456
2.457
8.746
15.115
12.330
16.814
6.369
19.574
14.236
5.573
13.933
8.394
16.289
10.659
7.575
6.340
6.434
4.889
18.200
10.456
11.057
20.195
15.549
10.272
14.561
25.781
14.295
5.145
7.614
13.337
6.411
16.845
12.336
7.148
7.124
20.099
19.702
10.762
13.454
16.134
5.332
4.590
7.983
1.737
5.113
17.214
15.232
20.427
6.573
12.960
4.455
19.186
18.657
16.712
12.712
3.712
8.602
26.493
14.227
5.863
5.810
15.453
17.290
21.045
9.198
7.665
4.016
5.771
4.265
10.943
18.537
14.246
14.078
2.690
11.961
5.343
23.388
2.858
12.975
9.616
4.726
12.437
8.213
4.176
10.300
8.006
8.820
14.362
2.736
9.724
15.107
8.742
22.221
4.585
8.373
8.438
8.945
18.106
4.816
17.469
18.925
8.806
10.873
17.291
10.300
5.541
15.141
5.616
6.224
9.785
19.739
14.851
5.165
5.986
5.604
20.050
27.221
6.563
4.809
5.747
17.582
7.204
6.030
8.818
6.315
19.064
19.949
18.033
9.485
7.913
4.023
4.166
4.499
16.492
19.378
6.034
3.987
4.408
16.437
6.837
5.102
4.684
6.645
7.023
23.255
12.915
14.088
9.588
12.530
3.591
9.970
38.983
13.594
24.021
3.733
4.688
6.281
15.244
12.831
5.416
10.504
18.061
4.166
13.002
9.895
17.123
17.212
13.134
7.872
11.272
3.786
5.421
12.391
20.944
12.124
1.725
23.974
21.851
12.116
11.962
4.551
15.445
26.874
3.185
13.661
6.050
3.475
5.620
3.804
10.296
19.587
7.480
23.730
6.485
14.934
27.744
9.621
12.457
3.921
8.933
35.643
6.333
7.725
18.590
4.057
18.962
12.445
17.769
11.650
10.583
15.049
23.760
19.639
14.042
7.614
7.328
13.266
5.496
3.567
3.771
5.687
10.128
11.454
14.093
15.948
8.745
6.115
7.682
8.373
4.744
13.353
22.608
8.233
5.023
9.596
6.967
5.347
7.703
6.391
5.745
5.372
8.173
9.517
21.847
11.800
16.938
40.935
13.417
50.721
13.275
30.228
16.666
32.601
22.211
21.877
24.805
15.651
8.186
26.503
9.411
20.352
16.969
9.480
5.314
7.732
15.908
19.054
34.176
3.776
16.737
26.828
22.387
4.350
28.673
18.001
19.147
18.526
20.575
16.621
13.223
19.014
11.371
20.501
21.480
19.988
11.820
17.437
8.489
14.098
11.285
19.244
13.409
18.423
14.928
23.418
6.615
16.117
11.470
16.392
27.495
14.647
4.319
36.184
20.676
10.502
9.834
29.063
13.482
13.144
14.731
11.343
11.437
13.949
18.142
12.304
12.869
28.393
8.501
6.324
19.127
4.581
16.531
4.968
17.152
5.875
8.664
5.129
7.613
5.496
2.822
4.880
8.923
2.851
12.684
5.769
10.828
2.646
10.235
3.635
4.990
8.688
5.491
1.847
2.479
26.338
15.908
11.167
5.313
47.871
16.791
17.862
20.290
7.756
7.451
18.426
6.437
13.552
21.837
10.852
7.713
16.673
11.550
12.950
10.448
21.516
8.616
6.574
10.057
6.760
4.914
18.257
3.189
5.189
7.302
7.621
5.749
11.317
12.030
5.920
4.454
7.964
5.932
5.483
15.119
3.602
7.957
38.376
4.031
8.100
3.297
6.693
20.265
9.234
6.815
19.449
6.592
8.770
17.861
9.073
15.090
18.400
18.956
6.777
27.630
13.373
9.727
15.637
9.275
11.204
14.384
19.807
19.243
27.532
5.155
23.551
16.394
11.652
17.332
12.861
12.561
15.818
3.482
6.001
10.219
9.409
5.122
12.774
6.180
14.856
5.847
6.061
9.511
9.846
7.270
4.187
11.767
6.534
3.761
4.836
10.651
8.865
16.235
12.261
25.971
17.034
4.529
3.481
5.040
16.389
3.194
6.431
10.127
10.318
8.891
6.421
6.061
14.859
10.608
7.835
11.688
5.958
10.340
8.345
9.255
15.423
4.685
5.689
4.253
7.368
3.864
4.649
3.666
13.776
5.203
7.872
11.610
9.113
6.285
24.319
16.552
20.877
22.820
15.112
3.381
4.178
11.761
12.560
14.888
17.398
5.189
9.886
23.402
9.940
6.776
3.808
9.416
6.117
10.387
15.574
5.669
10.350
4.739
9.609
5.308
8.286
6.791
6.011
8.185
14.995
4.891
10.496
10.973
4.800
10.995
9.122
11.416
12.249
9.391
7.567
5.694
9.685
8.171
4.142
17.238
10.126
7.172
9.602
13.781
8.944
10.628
8.976
4.258
19.833
6.214
4.201
4.786
17.984
5.534
9.736
9.187
11.805
3.716
7.583
4.816
5.087
8.654
13.182
11.152
4.691
10.108
9.735
11.963
22.138
10.699
13.885
7.326
11.051
5.224
12.448
3.837
6.958
10.048
7.264
18.790
12.532
6.427
13.873
8.958
7.620
8.081
12.065
8.974
4.640
22.148
5.268
13.079
5.641
17.966
4.447
8.135
5.274
5.938
3.314
9.670
4.512
4.953
3.561
14.920
14.771
9.121
8.627
11.562
10.082
1.334
5.126
6.626
4.701
9.663
2.851
5.294
10.796
5.200
3.178
2.969
2.367
4.574
10.617
4.844
6.935
5.114
3.174
2.164
6.455
2.673
5.781
3.740
5.403
22.153
5.617
3.462
10.495
4.666
9.632
4.399
3.163
4.104
2.215
6.306
7.817
3.576
2.331
2.354
6.776
6.058
10.244
6.079
2.739
10.139
4.132
23.522
16.004
7.660
12.925
9.925
2.245
12.206
3.694
31.431
2.152
4.396
3.264
4.125
14.182
2.767
2.850
14.742
10.057
20.141
2.577
2.327
2.243
4.045
3.854
3.915
24.644
2.865
8.041
5.608
15.635
18.630
7.900
3.696
14.215
17.173
4.470
5.915
9.916
2.434
2.472
11.725
14.637
5.460
6.252
2.967
6.484
4.734
2.548
4.612
3.266
30.670
3.207
6.564
13.095
43.613
34.922
36.090
31.143
33.616
3.883
34.700
34.496
1.994
4.137
15.997
7.186
3.526
2.631
10.139
11.891
3.189
1.978
1.940
1.940
0.636
24.356
15.227
7.479
13.015
15.561
7.293
8.588
4.616
26.270
6.289
2.722
1.483
1.773
2.502
1.928
1.347
1.912
0.376
11.650
4.961
6.879
14.266
9.197
8.305
5.246
5.848
10.752
9.105
4.289
5.462
6.600
8.637
8.250
6.565
3.947
4.852
7.402
3.870
15.224
2.611
7.464
23.940
19.095
17.860
10.297
4.106
11.055
17.146
8.531
15.650
15.190
15.702
12.243
12.709
6.891
12.186
5.050
6.402
17.508
4.583
10.320
7.314
11.060
19.896
3.181
4.791
10.803
11.374
8.628
16.319
11.309
20.644
9.249
5.169
3.495
3.940
13.515
8.698
25.053
8.155
6.442
15.083
17.588
8.081
4.886
13.524
13.249
14.254
12.086
11.525
9.788
9.872
15.139
12.716
17.190
17.774
12.388
22.191
27.186
9.457
7.764
14.725
7.409
7.470
7.919
4.456
9.770
24.449
16.321
15.486
4.913
5.856
11.431
7.954
14.835
11.514
7.724
4.418
12.730
9.324
25.610
21.120
14.721
13.870
5.805
16.105
5.484
14.549
6.038
14.898
5.278
13.081
8.530
19.591
16.746
21.101
6.976
10.226
4.682
10.387
12.723
22.363
10.457
10.249
12.275
29.563
16.653
4.601
16.206
5.729
20.355
5.792
4.980
5.087
4.070
8.710
7.017
8.421
4.528
7.900
17.371
8.047
6.961
8.159
5.838
3.408
3.065
13.987
11.052
9.957
3.130
11.266
11.160
8.757
4.948
18.427
10.781
13.531
5.179
17.319
9.744
8.940
17.777
6.242
12.908
16.310
8.188
3.635
6.950
8.759
4.037
2.235
8.747
15.294
10.919
9.730
11.548
4.737
12.121
7.431
4.022
5.187
9.337
10.339
5.902
10.339
8.587
18.261
7.550
16.317
7.246
3.588
21.470
22.355
6.607
7.063
7.140
12.317
15.729
14.029
7.761
12.482
9.431
5.942
15.500
9.193
7.526
8.002
10.039
13.634
7.605
17.047
8.510
13.399
3.494
5.160
5.759
9.367
6.012
8.615
7.780
13.038
6.231
29.371
4.553
5.471
6.442
7.541
4.569
9.202
4.534
23.057
11.577
16.205
9.187
8.170
4.333
6.338
10.783
14.730
10.492
6.998
9.362
12.458
5.537
5.553
14.711
12.148
18.773
22.552
7.097
14.357
21.416
4.125
12.418
8.192
10.261
9.022
11.436
11.871
3.811
8.326
19.382
9.015
8.921
5.588
9.867
18.260
4.114
20.594
3.280
1.238
1.487
2.730
5.595
6.820
5.721
14.169
9.536
16.460
14.812
22.437
6.513
11.706
10.983
3.880
10.471
7.745
11.387
4.315
10.605
9.458
4.942
4.345
2.976
3.243
7.907
3.250
3.495
9.394
12.662
0.412
3.544
11.591
3.984
4.399
4.699
5.172
3.975
4.319
4.463
3.662
17.822
7.020
2.752
3.089
3.871
7.706
5.103
4.369
5.576
14.742
2.346
6.527
15.048
21.852
3.930
3.119
35.833
9.620
36.393
28.133
4.669
0.823
27.107
3.756
6.190
8.178
16.518
2.144
5.827
2.933
4.646
5.397
6.330
15.410
2.757
5.020
15.691
23.199
9.423
3.566
4.115
19.273
7.505
10.802
6.260
25.679
4.944
23.356
12.235
5.231
46.286
6.604
1.968
19.065
18.074
20.936
5.517
28.893
4.366
8.541
5.793
10.408
3.821
9.456
4.735
7.460
6.706
15.059
5.846
12.330
23.168
9.835
11.713
5.282
21.136
17.715
3.975
33.607
23.151
7.814
5.455
26.522
16.885
23.404
14.347
11.164
19.660
9.129
7.054
24.808
3.644
5.291
5.605
9.000
3.405
6.388
26.497
27.898
8.333
2.762
5.261
5.791
2.585
6.700
6.565
22.290
5.812
11.614
9.821
7.670
8.422
7.307
12.459
6.356
3.671
14.732
11.665
8.971
16.404
4.909
23.551
3.661
27.896
4.822
7.891
14.786
15.151
15.192
4.956
14.349
12.346
21.988
8.040
8.576
7.203
5.220
19.295
3.402
13.648
9.852
10.113
20.532
5.782
14.251
8.672
8.348
6.579
10.244
7.726
4.502
18.237
14.943
5.184
9.152
8.726
1.759
7.819
23.248
12.786
15.073
8.356
6.591
2.881
6.517
3.999
10.092
14.349
3.592
4.390
12.889
5.857
4.366
3.389
1.953
4.661
11.784
11.173
5.880
6.177
29.059
15.630
5.176
8.482
2.739
3.808
1.116
27.520
20.993
28.056
12.146
8.029
17.610
27.220
3.522
24.346
19.441
21.214
21.670
19.893
12.709
10.982
14.612
28.419
6.646
8.650
7.414
3.686
17.617
14.185
15.148
5.337
1.945
9.437
4.646
12.309
14.977
3.694
3.146
2.987
7.303
3.237
5.638
5.364
7.978
25.410
16.195
6.012
4.383
7.929
7.777
10.683
14.940
13.795
5.700
11.725
9.033
9.292
14.071
13.513
2.207
49.040
6.732
29.154
20.135
26.850
7.998
29.454
15.936
10.605
49.128
35.436
19.694
11.244
12.757
11.354
6.415
16.996
22.521
5.415
15.291
16.720
20.899
6.390
31.876
4.901
15.141
13.520
6.799
7.898
11.247
5.457
4.745
5.154
6.960
8.122
19.668
9.880
15.515
22.663
7.989
17.595
2.333
12.084
22.877
13.723
4.843
3.755
11.276
8.249
2.882
2.640
20.173
7.153
15.118
0.212
11.800
2.562
12.964
15.680
12.235
9.044
11.547
16.027
11.102
4.960
5.336
5.503
10.446
11.463
22.149
24.524
21.896
2.532
22.536
22.144
9.393
3.058
6.693
11.642
9.549
3.459
4.954
2.935
2.746
19.886
3.563
11.959
6.013
22.226
13.964
10.505
2.141
5.645
3.888
3.168
6.762
5.557
18.199
4.434
13.296
5.860
9.128
3.587
15.077
14.058
3.138
3.184
4.237
6.058
7.028
15.832
6.855
3.638
3.511
6.651
3.116
14.166
11.400
6.371
13.982
5.378
5.930
5.217
2.626
6.246
14.045
12.510
4.923
9.981
4.996
4.918
31.032
13.039
8.011
18.273
8.072
1.654
2.223
3.202
31.744
27.809
8.167
26.413
3.205
21.098
17.875
11.994
6.987
5.993
7.039
1.495
5.499
3.102
6.291
3.136
3.416
8.170
6.346
6.766
8.828
0.412
23.431
1.059
2.168
3.651
5.990
8.193
33.094
13.443
23.607
36.585
32.216
10.692
17.834
9.971
5.990
5.610
13.266
3.769
2.657
0.527
0.422
2.033
1.541
0.799
0.717
18.174
7.216
14.366
6.283
12.969
12.865
17.320
11.912
19.283
27.611
14.952
14.459
24.592
30.282
44.623
7.333
11.240
15.161
14.148
19.050
6.742
24.380
14.853
17.035
12.449
12.669
12.315
14.633
23.066
12.081
38.374
15.963
22.035
13.873
5.765
10.873
9.231
15.410
10.725
13.193
12.378
6.548
20.639
11.445
26.036
13.830
7.464
21.723
23.707
21.694
15.042
15.818
16.365
35.522
20.858
16.669
11.457
16.650
28.911
39.724
24.201
15.927
25.897
12.854
9.154
18.201
12.832
15.950
15.453
6.553
14.534
13.484
18.448
10.307
13.658
12.826
18.718
23.656
10.510
11.848
17.925
24.111
22.217
17.782
22.827
14.964
14.161
18.365
10.255
17.679
14.188
16.157
11.676
20.148
25.751
18.156
31.321
27.094
11.427
21.127
17.775
18.844
21.470
27.907
38.197
9.589
22.465
12.328
13.625
17.573
17.006
20.989
9.657
20.700
10.783
19.361
11.922
11.128
17.746
18.141
17.248
25.270
25.977
16.601
14.105
16.063
4.796
19.087
14.738
15.519
12.469
19.300
4.467
14.916
5.958
4.500
4.476
17.326
2.486
4.769
16.623
39.393
15.347
11.631
15.692
22.015
8.466
12.455
6.100
7.160
6.654
4.377
24.227
5.505
4.454
2.789
7.339
4.116
10.262
7.991
4.993
14.295
16.790
8.951
9.015
13.828
25.435
11.080
5.582
8.287
18.724
4.057
9.013
9.008
3.682
9.130
4.727
9.456
15.019
9.425
5.609
18.548
10.479
13.300
8.968
5.235
11.942
6.767
2.110
10.417
13.419
6.800
4.215
20.648
18.214
1.155
5.852
17.401
24.040
6.550
11.827
5.346
8.982
6.402
9.553
9.360
7.714
10.060
5.352
7.722
21.382
5.400
12.824
1.774
5.355
7.706
3.170
8.750
22.171
12.061
16.673
10.110
15.291
17.384
13.762
8.495
14.990
8.780
6.926
14.407
9.227
4.747
5.462
6.312
8.035
9.767
11.145
19.491
3.475
16.769
10.195
10.779
17.769
15.474
19.338
23.135
6.456
9.502
13.205
29.981
28.014
7.388
10.704
13.712
5.425
10.749
3.986
2.676
22.864
4.095
13.931
13.597
12.541
4.284
4.956
8.949
7.254
5.759
3.055
9.767
4.779
5.071
6.513
7.939
14.622
6.431
14.650
7.635
8.906
17.057
8.489
5.425
4.752
3.779
5.872
13.763
4.423
5.126
15.327
4.663
7.009
5.680
21.694
24.990
7.698
9.412
11.227
8.371
5.635
7.935
4.657
3.826
11.893
6.972
5.304
26.699
21.209
4.285
10.318
14.532
14.262
5.195
16.112
11.322
6.384
15.019
8.753
6.997
12.571
12.399
11.033
13.294
9.619
13.943
9.563
12.831
15.501
5.778
11.566
5.491
9.647
11.565
4.796
6.123
14.702
5.300
8.239
14.382
4.447
7.665
6.216
11.028
10.973
7.414
14.992
13.598
5.790
13.148
13.593
5.465
4.918
12.205
13.143
3.906
6.649
7.651
6.619
7.496
8.317
13.876
8.030
5.751
8.755
10.682
4.322
16.570
15.826
11.099
15.012
4.506
14.782
20.265
11.928
5.053
4.317
12.713
8.432
3.810
10.806
4.066
6.741
4.857
4.385
5.404
6.449
8.708
5.013
3.274
5.781
4.566
5.274
5.300
8.087
13.384
15.915
8.187
7.994
4.601
9.049
5.304
7.023
2.418
17.881
7.978
3.981
22.642
7.049
6.584
8.186
13.670
4.952
10.014
6.475
3.256
4.784
7.794
8.285
2.808
20.327
12.899
6.829
4.000
23.106
8.793
8.452
8.441
4.401
5.299
6.948
10.723
18.275
5.018
15.320
9.845
8.601
7.536
7.843
13.045
7.768
12.951
8.853
6.597
5.157
7.406
12.823
4.867
5.154
17.604
8.970
7.797
4.903
4.042
15.596
15.730
4.762
4.643
4.419
7.949
6.245
14.173
16.667
6.023
14.708
10.267
5.231
4.623
6.286
8.438
4.570
8.955
13.162
13.528
11.001
21.057
18.492
6.882
11.225
7.661
9.508
12.487
10.169
12.955
36.002
24.599
11.777
8.308
33.058
11.393
36.623
9.633
4.900
5.563
9.692
16.421
8.115
14.280
6.481
10.200
21.809
9.118
12.424
15.233
6.541
10.244
3.897
9.784
7.083
11.277
16.155
5.057
7.524
4.829
6.456
13.449
5.885
12.402
8.006
10.555
5.638
11.294
7.442
6.344
10.552
11.241
9.959
4.441
15.633
10.083
10.695
5.402
15.910
4.626
11.377
2.658
6.266
13.021
14.384
8.887
19.997
7.802
11.302
19.182
7.657
9.595
13.056
5.573
7.162
7.449
29.568
7.580
23.903
10.439
19.391
5.212
6.007
6.837
9.541
21.315
8.386
6.777
5.435
11.285
5.279
5.192
6.518
12.464
2.344
5.581
6.272
7.999
4.918
4.233
5.723
10.397
10.731
8.235
8.993
2.069
14.045
12.637
10.536
15.222
4.026
7.884
10.172
13.166
18.716
4.253
9.090
5.989
7.596
20.974
6.850
8.321
13.545
9.305
7.940
8.661
2.860
7.082
11.962
11.784
5.281
3.951
3.006
6.501
8.040
5.397
11.428
13.189
18.376
8.266
7.293
2.909
24.952
13.040
4.268
5.645
6.223
6.618
12.011
8.070
9.486
13.008
14.436
6.872
7.047
8.002
3.763
4.538
4.628
5.393
4.121
10.623
2.685
5.832
20.280
25.197
7.290
5.140
9.431
15.474
17.276
11.482
12.946
14.968
11.914
9.348
6.965
17.577
6.791
2.757
9.338
4.558
8.399
17.026
1.218
6.203
3.655
8.534
15.537
6.926
10.271
10.303
0.641
9.115
5.071
6.566
2.344
2.517
7.390
8.914
14.119
10.755
12.942
26.932
14.315
2.464
8.330
10.419
10.888
22.702
3.008
8.933
24.315
5.379
7.039
11.752
5.497
7.300
1.924
11.901
4.924
3.535
2.146
10.903
11.066
11.106
5.555
2.177
5.606
4.794
22.341
2.159
2.351
8.880
5.818
16.038
9.586
9.961
10.861
16.739
15.226
14.736
5.705
5.705
5.128
10.032
5.812
2.686
7.314
14.710
3.372
9.553
2.373
14.624
14.810
6.949
21.275
17.221
9.751
2.056
12.507
7.179
4.908
1.449
11.396
3.765
5.456
2.921
0.824
0.250
0.297
7.199
31.435
7.363
9.434
24.471
13.340
18.434
27.713
20.318
13.305
19.757
35.712
28.891
8.502
4.163
18.114
10.291
7.573
15.344
5.063
8.137
8.943
16.118
10.243
10.498
5.862
15.197
25.972
13.012
3.929
28.250
32.426
20.419
25.980
33.082
18.367
7.035
11.765
9.337
20.366
10.205
23.476
6.063
12.598
12.635
9.674
8.990
17.086
21.182
45.576
12.760
45.278
15.595
4.099
28.654
10.698
1.994
10.443
12.559
7.114
5.755
8.137
6.552
15.086
9.698
4.826
16.094
13.061
12.134
2.673
1.904
2.548
15.939
11.148
15.076
9.065
11.813
5.859
18.683
7.047
10.548
6.183
2.677
10.415
9.677
5.954
8.525
8.049
6.371
5.655
5.921
6.838
3.914
26.934
5.203
10.759
2.787
14.510
14.416
15.614
5.503
11.960
8.347
26.499
13.784
8.562
2.140
2.922
4.638
7.202
16.348
3.773
9.626
12.845
34.361
10.444
2.726
9.051
24.005
12.433
11.947
6.385
6.137
5.758
20.333
4.555
20.964
6.487
5.108
5.242
8.722
25.859
23.782
7.800
11.154
12.450
14.619
21.621
5.611
5.112
22.026
15.941
3.576
7.038
9.296
11.477
8.365
8.262
7.804
10.990
9.523
11.631
14.189
11.098
25.931
6.754
10.603
4.392
6.523
6.429
21.025
13.181
14.693
3.878
5.186
11.908
7.461
12.217
12.192
13.150
5.048
5.701
6.579
6.355
6.863
13.897
2.189
25.038
10.154
18.420
12.779
12.667
8.703
26.093
18.370
12.893
18.437
12.844
26.357
2.320
14.438
14.695
5.533
14.361
15.672
8.948
11.713
13.165
11.286
14.147
7.776
18.761
10.726
19.705
10.050
10.797
30.434
33.771
3.768
20.536
3.050
4.322
16.150
15.959
12.939
24.053
23.188
23.779
27.739
16.244
12.039
3.565
7.966
10.434
13.265
9.697
4.360
10.969
10.939
9.457
9.127
12.062
11.381
9.681
4.837
7.569
21.496
3.882
5.524
5.673
3.891
8.605
4.862
5.904
5.928
14.172
5.275
11.461
9.798
5.215
3.947
6.335
11.547
5.226
10.255
13.408
11.470
5.144
10.915
6.782
16.611
22.925
13.845
13.211
16.663
13.050
8.837
4.617
8.513
7.152
15.873
2.388
4.750
9.912
6.185
11.499
16.152
11.117
6.682
18.426
3.047
4.575
1.842
16.423
9.200
14.634
8.352
5.815
22.577
5.753
11.958
13.770
4.282
6.403
4.188
12.560
7.858
3.617
14.389
3.585
3.102
25.774
3.082
9.341
10.690
10.153
3.480
4.865
16.288
13.425
10.056
12.982
4.512
16.213
9.749
12.799
12.441
13.493
12.765
8.249
20.036
6.221
18.056
21.281
18.652
7.792
14.034
10.860
12.165
13.702
12.134
4.888
10.463
20.885
9.821
7.171
5.658
6.406
5.014
16.519
10.498
9.962
16.531
9.711
11.913
21.233
12.999
11.266
9.987
10.028
7.445
18.694
27.335
2.675
11.951
14.771
10.980
24.365
12.952
17.962
20.217
4.268
11.774
14.594
5.019
8.984
9.262
12.081
5.142
14.168
5.241
3.354
6.270
3.458
10.459
4.916
14.455
10.786
11.250
9.319
15.739
8.670
14.041
4.828
4.036
9.890
11.725
15.043
10.821
13.561
3.989
12.837
14.616
9.089
6.697
9.815
5.211
9.429
18.132
3.171
8.198
10.983
17.044
2.756
4.672
9.708
24.897
33.688
12.494
17.983
20.796
3.343
17.144
13.396
15.154
9.631
14.598
15.584
17.717
11.907
17.443
11.509
3.890
6.989
10.181
20.142
20.302
10.484
4.049
22.363
14.516
9.231
13.585
3.407
2.948
5.310
7.368
2.868
7.847
11.458
6.001
9.764
6.867
18.754
4.681
12.357
14.076
7.667
9.301
5.796
25.487
4.206
9.974
6.227
21.026
10.733
4.044
14.770
7.643
14.867
4.739
14.070
8.428
4.631
6.968
5.135
10.378
15.362
11.172
6.364
11.656
7.103
11.806
12.575
5.149
17.715
36.111
5.588
7.810
27.641
11.272
3.082
6.858
7.920
12.887
14.209
3.450
14.756
7.804
3.863
18.962
8.777
3.699
11.266
21.773
14.936
7.460
5.560
8.814
15.682
9.375
12.121
5.447
5.164
12.229
8.955
3.307
10.583
14.079
5.782
18.909
17.148
3.473
10.931
6.413
23.819
4.869
11.360
19.812
6.869
17.154
22.518
14.849
16.987
4.984
4.026
5.130
2.563
9.020
9.840
8.333
5.452
7.467
4.859
14.918
13.860
9.745
9.788
19.949
21.192
17.216
4.620
7.270
14.996
5.141
10.905
13.355
12.790
4.814
6.650
14.106
4.578
15.137
12.865
3.755
13.766
8.351
5.017
6.122
19.187
6.044
6.059
5.686
4.526
3.039
5.172
4.291
5.589
5.769
11.100
5.429
16.629
1.930
15.955
7.523
2.976
4.346
15.192
10.831
4.638
2.956
21.209
4.141
25.926
6.670
6.496
8.747
3.959
5.637
4.925
3.367
4.127
4.640
3.602
2.022
5.326
13.778
15.573
5.047
5.492
4.811
9.722
8.301
9.766
21.125
8.360
8.174
19.496
7.172
12.601
7.891
4.379
28.065
4.227
7.295
10.985
7.598
9.243
14.881
15.269
6.114
5.303
6.489
5.571
8.220
2.430
7.251
3.285
17.167
13.184
15.728
11.824
7.066
7.036
12.586
5.774
4.530
7.151
10.376
6.170
19.250
6.350
15.088
11.553
11.053
11.547
6.182
2.425
4.988
11.930
11.238
5.277
15.171
22.122
36.717
8.046
4.534
22.164
1.528
4.792
15.050
8.403
4.455
7.730
12.170
3.749
7.264
7.729
7.380
8.841
7.602
19.987
13.853
10.928
7.512
20.535
10.395
13.908
6.977
6.749
8.475
3.483
3.924
2.439
13.083
3.331
6.188
14.547
9.522
8.126
14.764
2.659
14.470
12.949
10.497
9.174
7.063
11.053
3.261
14.230
3.547
20.718
2.635
11.144
8.636
2.254
18.308
5.423
5.544
7.986
2.535
10.745
18.549
20.892
34.423
7.375
31.139
34.318
8.602
34.302
34.038
27.116
32.822
35.704
10.311
35.903
8.071
31.017
28.711
9.032
6.229
4.107
4.483
5.874
6.267
2.802
0.983
2.268
1.685
1.616
0.178
0.108
0.456
