16.211
33.883
44.641
46.772
66.966
53.472
51.020
52.327
50.111
26.639
47.983
49.147
52.755
45.446
16.930
48.087
50.621
48.897
50.500
47.554
52.241
50.603
45.237
54.346
51.411
37.340
57.108
48.585
26.010
12.061
15.674
8.236
19.951
11.672
9.537
4.074
16.699
6.857
10.840
66.730
6.936
10.833
7.217
18.399
7.990
14.939
11.365
8.451
15.056
4.396
67.834
47.680
12.032
8.566
52.910
42.366
9.946
17.518
16.897
13.195
66.731
23.197
48.086
19.838
20.294
8.796
16.705
37.850
11.244
53.562
66.012
39.356
50.627
17.346
31.486
50.081
46.362
49.609
56.648
56.192
10.846
69.556
11.539
46.711
24.587
19.237
9.313
16.198
8.919
14.071
20.066
67.116
15.843
31.723
12.391
7.991
49.098
51.443
52.554
14.891
12.687
14.835
42.386
5.824
37.750
42.584
52.247
51.339
17.143
14.491
16.789
10.904
50.631
6.796
4.217
17.011
21.099
14.095
40.347
16.250
8.955
19.533
10.967
12.753
11.555
15.963
6.858
33.856
15.335
13.355
18.306
10.636
7.909
33.967
21.569
51.139
39.669
44.170
33.310
41.154
47.799
47.264
10.174
11.519
41.021
21.112
23.125
32.067
20.187
27.496
18.554
46.276
35.433
44.863
36.215
63.289
43.333
48.438
36.838
31.611
23.577
17.201
13.430
10.751
28.075
12.937
17.100
30.200
10.734
17.202
17.724
17.001
27.483
22.648
14.383
37.949
21.927
28.289
11.006
13.397
6.455
13.052
10.884
5.908
14.200
8.820
11.315
30.547
27.971
6.336
4.558
7.365
22.065
8.858
7.612
6.474
11.989
12.553
4.553
8.612
10.712
9.372
11.100
4.241
7.947
6.541
7.686
7.848
6.623
6.512
7.152
4.135
21.160
6.557
4.835
12.207
6.599
5.930
11.894
5.430
13.596
7.126
7.679
15.561
20.688
13.838
10.676
5.807
5.463
4.787
26.200
7.710
7.446
9.292
10.513
11.213
13.248
8.880
5.342
13.793
10.077
10.453
8.217
7.462
6.902
15.185
6.264
9.663
6.981
5.952
11.379
12.558
31.991
11.359
38.315
14.536
43.458
8.022
14.055
9.039
12.638
20.290
14.054
26.367
38.337
12.937
6.833
8.701
6.168
47.601
4.999
8.000
8.673
28.289
12.838
11.814
20.757
30.424
33.904
3.896
21.600
7.914
10.205
7.459
13.097
5.997
10.438
8.000
3.756
5.569
4.898
10.582
5.073
10.398
5.857
7.299
6.038
15.606
14.082
8.430
5.146
8.389
6.160
11.641
14.161
8.926
7.381
10.133
8.933
7.534
8.197
4.807
5.249
10.498
9.231
9.221
4.396
9.389
16.216
6.331
6.734
6.840
5.069
10.331
16.870
10.209
8.096
14.066
11.956
12.953
12.234
31.933
13.326
27.140
10.171
16.589
10.847
21.345
31.770
10.589
5.607
12.189
9.066
5.958
13.689
12.457
4.475
5.373
19.885
20.016
39.600
17.188
13.111
6.183
13.426
18.372
21.586
26.073
5.789
15.893
8.101
9.336
10.780
4.672
9.188
13.748
8.877
11.678
7.675
4.788
4.837
13.557
16.774
11.903
8.327
11.204
5.980
6.167
16.836
19.141
10.277
7.145
7.474
19.875
5.940
8.447
17.750
10.460
7.341
8.526
7.984
14.530
8.534
5.329
6.830
4.940
7.207
11.581
7.980
5.393
4.591
7.548
5.483
7.986
17.114
4.288
5.854
8.353
10.805
5.714
6.193
6.045
3.639
10.142
5.546
7.845
9.678
4.510
15.464
4.769
7.741
6.456
6.667
6.929
16.338
5.441
6.889
12.351
3.225
8.245
5.669
5.583
5.364
7.013
15.964
4.720
4.488
7.546
8.897
5.606
11.482
10.523
6.994
10.092
5.014
15.677
6.460
8.138
4.531
18.303
8.534
6.949
6.634
13.102
16.835
9.297
9.066
6.400
4.190
18.954
8.015
7.818
15.488
5.843
7.724
11.649
16.369
9.476
12.810
16.928
10.256
4.312
7.961
7.465
13.096
3.659
6.606
5.281
17.942
16.392
15.857
4.075
5.578
5.131
14.794
5.050
5.717
7.498
6.821
8.230
3.958
8.782
4.294
6.432
7.253
9.304
4.289
6.224
3.650
6.640
14.348
4.905
6.758
17.371
13.645
5.185
7.357
5.991
6.242
18.865
6.280
35.999
7.178
4.836
6.716
10.523
12.610
15.248
11.485
4.782
7.491
5.447
4.857
3.919
7.771
5.021
7.025
6.333
16.117
7.361
11.181
8.163
8.406
11.937
13.221
13.877
6.371
18.614
5.577
6.412
5.762
5.806
9.849
4.684
6.455
4.804
5.381
10.824
5.528
6.726
13.643
32.256
8.506
11.020
21.087
7.267
5.106
10.412
8.942
9.415
9.373
20.770
12.821
12.608
21.252
10.245
6.648
8.075
11.867
12.581
5.521
8.953
23.078
9.867
10.445
7.333
8.147
4.359
11.619
30.164
6.127
9.292
4.196
8.559
13.250
6.915
10.119
15.334
5.480
4.298
6.012
6.612
7.780
17.750
7.661
14.807
15.888
6.213
7.407
3.647
17.852
4.688
13.757
17.942
6.704
29.146
10.965
22.138
8.432
6.446
6.019
4.643
7.663
6.966
6.306
4.931
9.001
3.671
6.748
5.778
7.212
10.503
7.216
5.914
12.022
7.479
7.159
6.319
19.769
8.729
6.118
15.086
9.258
7.596
24.592
6.145
5.710
4.361
7.038
12.315
8.280
14.199
14.968
18.237
7.031
18.838
33.084
8.582
6.412
14.475
9.340
7.987
4.208
6.792
6.786
6.847
8.024
7.453
5.488
5.274
7.574
11.145
6.248
6.704
4.164
7.538
12.916
4.352
6.919
6.927
6.820
13.234
8.684
5.161
9.635
7.041
5.607
6.602
9.985
7.605
11.168
9.374
4.474
5.343
9.359
4.064
11.181
5.190
7.594
10.500
5.048
8.852
11.182
5.406
8.705
4.971
6.157
6.024
6.033
16.656
4.690
4.480
3.162
14.640
3.382
5.418
5.791
10.197
6.687
7.735
14.787
7.471
7.232
10.277
8.151
4.143
4.958
5.215
5.013
5.521
4.796
4.570
9.250
8.734
6.231
4.840
9.298
4.608
5.491
11.382
12.621
5.468
5.594
7.054
14.573
7.589
6.213
11.553
6.133
3.552
7.542
3.922
9.038
5.938
3.963
68.285
50.224
50.418
15.900
27.007
32.677
10.611
44.739
11.201
16.748
9.327
25.434
43.715
13.806
23.448
44.307
47.418
29.097
13.171
32.159
11.830
38.829
5.635
11.929
6.937
8.136
19.039
7.261
12.747
23.798
41.192
46.166
46.064
30.231
46.570
48.091
20.845
48.403
23.448
25.956
20.855
22.253
14.002
17.706
48.913
47.284
14.849
44.034
48.498
25.296
46.094
17.581
10.472
3.406
3.976
8.938
16.137
16.816
9.804
12.304
18.736
6.282
10.580
3.237
4.603
2.957
8.426
9.549
7.443
6.794
10.185
16.671
8.768
20.184
11.688
18.542
3.440
4.507
9.340
3.778
5.407
6.250
9.729
8.678
6.315
6.556
10.076
5.654
10.279
8.953
19.939
13.102
9.219
3.125
3.674
3.537
6.858
8.027
6.324
10.357
5.609
4.038
7.036
4.750
4.855
6.708
19.279
3.508
16.032
4.983
9.025
4.577
4.613
6.337
8.876
8.320
9.506
3.037
10.569
71.396
10.178
27.404
8.271
5.361
49.582
4.928
17.567
8.277
10.220
15.400
13.014
23.879
11.371
5.824
6.293
11.123
11.860
4.698
4.073
4.939
8.181
7.012
11.185
18.324
5.280
8.943
5.227
7.764
12.779
21.987
8.730
13.514
10.278
6.430
67.481
3.639
68.740
11.890
4.496
6.582
11.927
5.649
9.156
12.854
22.201
11.419
5.447
3.348
5.644
45.442
13.519
15.152
6.808
11.994
5.330
13.504
12.867
7.992
5.593
11.951
7.164
4.880
10.380
7.624
8.776
7.159
7.939
5.956
5.661
7.411
8.450
6.188
14.903
6.733
22.976
20.863
6.953
4.353
20.863
13.554
5.186
7.352
28.129
6.049
12.833
4.601
16.057
6.883
4.633
14.061
4.683
9.067
6.689
40.973
10.627
6.582
6.940
5.567
14.617
17.608
7.406
3.914
3.072
3.168
8.784
10.704
27.201
7.416
14.803
28.703
10.352
9.551
10.341
28.805
10.579
9.546
13.006
7.922
3.962
5.940
4.389
9.178
9.847
13.423
43.157
5.715
20.700
5.114
11.684
8.520
15.855
8.916
14.862
5.797
4.856
6.379
5.473
20.901
5.173
16.233
67.587
5.223
11.405
20.271
11.709
5.053
7.531
35.469
4.330
44.639
13.459
10.331
8.198
17.619
9.752
11.329
4.936
6.282
12.490
43.724
11.549
5.802
5.353
12.511
46.980
13.028
7.468
48.815
5.502
47.972
8.657
6.772
2.948
17.351
6.348
14.637
7.435
3.708
5.451
28.446
5.593
49.585
3.746
4.743
16.944
9.038
4.493
37.941
4.100
26.363
15.107
5.690
49.802
17.076
11.935
12.779
49.299
18.623
19.551
13.637
41.156
48.884
5.674
11.356
6.328
68.487
13.283
12.254
7.627
6.753
7.674
10.366
8.711
9.853
12.003
6.721
11.426
5.948
11.380
27.209
12.162
67.590
48.101
52.169
4.309
14.633
15.827
14.796
17.751
17.846
3.486
4.708
9.575
25.314
8.313
11.646
10.047
37.455
10.361
9.338
43.148
11.075
15.915
20.297
32.517
50.480
46.878
5.281
12.293
43.401
3.692
15.347
3.272
4.664
2.985
6.456
4.913
21.390
7.807
8.047
24.648
4.888
5.074
6.067
6.952
44.481
26.829
29.942
11.774
11.464
6.063
13.202
5.577
7.684
5.539
14.211
6.248
7.027
20.568
5.719
11.643
6.547
10.497
4.698
17.674
6.357
9.841
5.369
7.148
7.153
10.362
8.545
6.010
18.394
7.231
5.625
9.419
4.794
5.041
12.328
13.414
5.419
10.785
10.949
13.586
5.990
12.687
10.408
8.691
8.668
37.575
5.450
10.736
3.700
5.547
5.786
6.295
6.219
7.301
8.277
5.174
14.036
3.971
7.428
5.508
8.950
4.526
8.225
5.530
4.764
7.251
4.507
5.108
5.920
5.661
6.684
12.386
4.208
9.424
11.374
5.500
11.353
8.399
9.463
33.523
9.234
9.378
20.989
7.362
9.860
6.947
12.202
2.929
9.310
8.128
19.829
5.546
10.051
3.446
5.781
13.125
14.054
13.141
6.933
9.552
3.654
7.426
4.765
4.765
4.762
8.863
42.711
52.835
49.817
10.777
35.651
16.824
3.790
45.576
21.769
11.914
25.387
28.154
5.220
29.329
38.871
29.302
15.304
47.338
7.952
10.087
5.539
5.810
12.701
12.504
10.774
20.229
7.548
35.506
11.458
19.449
4.098
10.186
18.601
12.177
12.666
3.445
6.366
39.836
5.932
6.654
6.859
8.056
50.035
37.785
49.628
11.140
50.849
14.266
16.014
29.646
44.949
19.100
10.047
14.627
9.978
48.570
15.698
32.044
11.933
35.714
14.217
12.784
21.816
4.497
21.478
14.234
36.032
40.350
26.229
10.135
10.933
13.458
10.085
5.012
28.546
3.678
18.415
7.396
6.771
10.415
7.414
10.111
9.715
47.474
4.158
4.808
4.908
4.778
5.356
4.265
10.650
3.869
5.864
10.443
9.092
8.974
16.213
8.482
15.864
6.095
5.942
5.955
12.307
10.303
3.263
12.608
7.796
6.108
11.126
10.185
12.856
4.720
3.656
47.002
14.139
6.920
22.250
5.027
28.649
12.473
3.753
7.135
5.446
10.691
12.418
8.107
9.311
7.105
6.563
18.517
8.210
4.437
4.293
5.298
4.991
2.751
2.948
9.956
5.878
18.831
3.335
4.301
27.813
10.003
11.543
11.033
6.612
19.427
3.702
8.442
11.065
14.021
10.259
9.111
5.636
3.763
8.583
8.601
4.169
7.115
4.839
7.210
10.960
5.597
29.150
37.612
5.947
5.039
14.287
14.290
5.778
4.195
7.724
14.898
41.870
8.430
25.424
7.990
19.272
7.200
9.663
7.361
6.465
17.139
8.777
5.251
6.649
8.611
5.718
6.156
6.216
5.732
3.088
6.109
3.722
31.440
8.247
6.166
3.269
7.765
6.342
9.706
6.798
21.195
9.453
4.157
16.500
6.400
5.857
10.035
7.542
6.037
5.953
5.154
3.484
6.382
5.892
7.340
3.663
7.899
18.022
7.364
16.278
15.067
7.106
3.909
13.045
4.105
15.824
7.947
11.602
6.538
4.201
6.850
13.491
5.605
4.107
9.228
3.594
8.204
2.951
4.188
12.138
3.250
5.622
3.535
4.167
6.256
5.860
5.352
5.532
3.363
4.162
4.091
66.518
36.815
21.569
13.300
7.069
27.721
49.495
54.662
32.093
10.913
8.876
26.047
35.408
54.060
60.043
7.348
25.065
18.273
29.946
11.416
7.014
10.913
13.717
68.417
7.242
22.245
19.984
36.492
7.281
19.746
18.900
47.170
46.958
38.256
49.195
55.670
47.468
50.812
47.368
16.456
42.778
17.709
31.851
36.109
9.680
54.059
49.052
50.714
22.819
8.135
14.376
10.904
17.465
7.141
6.721
3.798
5.888
16.372
8.962
7.328
12.386
3.485
4.125
7.083
2.884
6.671
11.528
6.742
3.752
13.347
8.231
5.272
12.335
11.552
31.123
9.493
13.900
10.871
12.041
12.216
7.254
10.672
5.979
7.847
11.127
3.964
7.186
9.384
22.252
6.285
3.864
9.267
4.864
14.502
9.761
4.792
8.006
5.223
11.946
12.400
4.927
7.771
5.955
6.544
7.033
4.840
7.936
6.035
5.764
4.689
9.254
5.948
4.314
3.710
4.266
5.233
4.745
11.397
8.672
9.724
4.553
10.120
9.500
5.036
3.925
5.056
7.130
7.998
10.195
5.546
9.037
12.786
16.615
19.079
3.152
6.964
4.136
3.799
4.497
6.897
4.165
3.855
13.637
7.052
15.751
7.737
5.413
6.880
7.685
10.899
5.470
14.331
6.874
5.829
6.200
6.635
4.274
13.226
17.004
6.466
9.339
6.001
4.860
11.714
6.114
5.884
47.872
4.665
4.769
11.166
6.851
7.365
9.646
6.957
6.069
13.893
10.730
6.281
3.647
4.838
8.441
11.005
6.400
7.816
10.399
6.223
11.944
16.169
9.666
3.143
3.159
18.900
4.134
18.900
12.359
5.207
4.801
4.949
6.623
4.611
5.867
2.535
3.395
6.774
11.677
4.349
9.629
12.049
5.814
7.623
4.912
6.526
14.649
7.419
67.673
5.358
13.853
16.262
3.287
7.334
9.313
8.290
10.871
40.975
5.408
15.307
5.878
12.264
13.721
7.181
13.477
6.225
30.839
17.009
7.723
12.430
6.547
10.338
4.909
8.102
9.128
29.604
5.034
8.431
8.751
36.639
8.725
11.259
11.420
3.998
9.926
6.877
19.413
9.541
6.446
9.190
21.618
13.105
18.090
5.818
20.023
5.758
15.437
6.024
16.435
5.559
5.032
4.663
21.981
13.997
47.079
3.257
9.205
10.452
10.734
10.420
65.380
11.625
3.905
5.185
4.980
20.893
70.232
18.775
4.836
6.265
3.594
26.115
6.007
14.976
4.434
9.367
3.259
19.042
10.435
6.493
4.054
4.266
20.021
4.458
4.329
66.333
5.729
8.529
5.439
9.071
7.790
20.692
37.290
8.695
6.440
13.238
24.731
21.417
12.871
49.904
9.910
11.547
23.464
5.245
6.411
30.813
16.558
8.618
10.733
66.376
27.507
36.352
6.732
6.892
66.082
37.768
17.902
32.178
11.034
8.085
5.904
6.392
9.947
6.581
10.865
4.778
26.306
18.904
15.058
57.053
31.642
58.816
8.224
32.165
66.727
21.030
11.244
5.460
13.909
7.616
2.933
6.445
9.657
14.704
14.901
10.502
4.294
4.366
9.147
5.382
8.173
5.091
10.811
5.700
6.429
15.484
11.135
13.917
6.699
6.970
17.237
7.051
11.354
12.256
32.463
19.799
10.183
5.702
4.233
7.170
10.566
4.951
7.550
15.038
5.066
12.178
5.055
16.358
10.725
11.407
3.855
5.128
7.058
6.428
9.910
9.798
5.214
5.603
5.441
7.201
6.136
6.373
8.421
8.555
5.693
18.423
3.597
12.500
4.835
5.496
5.436
5.536
11.528
4.532
5.692
6.281
9.109
6.272
4.529
11.863
6.062
11.474
10.141
6.210
11.825
10.769
6.728
5.534
21.167
18.455
10.060
16.851
4.277
12.606
3.679
5.698
7.407
9.739
8.866
5.445
13.560
7.552
26.531
5.462
4.163
7.334
8.743
2.653
4.796
14.264
4.367
6.050
3.579
7.276
7.964
5.359
13.097
22.477
9.509
12.423
7.609
25.926
4.871
52.424
35.342
11.670
49.692
4.825
8.528
5.229
5.721
3.780
3.441
6.447
7.227
29.114
10.264
26.240
36.946
24.682
33.032
5.722
45.840
12.318
53.732
4.763
50.513
38.396
31.201
53.533
32.245
69.627
13.283
5.104
15.832
3.750
19.335
7.458
6.774
19.958
27.296
28.061
38.957
13.867
50.306
14.600
9.929
9.775
4.849
15.101
6.120
3.456
5.262
42.882
19.136
5.645
14.483
4.219
28.158
29.261
42.015
16.570
14.325
11.442
52.960
52.457
5.307
15.395
10.033
11.314
19.788
6.765
3.147
13.346
49.324
13.268
27.802
10.626
6.694
27.779
26.290
5.334
17.897
12.742
31.927
38.657
10.624
15.163
17.260
11.764
15.681
10.634
4.347
3.624
4.806
5.547
5.807
19.259
21.476
11.934
3.744
4.313
16.624
5.242
10.157
38.159
12.809
4.464
6.283
12.861
6.289
4.430
11.675
5.063
15.593
5.865
9.337
7.004
11.935
6.277
13.160
4.410
4.963
3.325
4.320
15.973
14.775
6.630
14.831
5.528
6.822
4.755
9.754
17.881
3.730
5.480
11.723
21.645
5.518
15.502
5.172
10.241
4.099
10.799
3.833
8.395
8.570
11.060
6.529
6.981
4.734
3.526
6.930
4.871
6.984
5.108
16.215
12.577
16.009
11.999
21.446
16.334
13.255
12.382
21.366
2.426
12.646
10.219
11.208
3.658
5.051
12.724
11.689
5.836
5.738
5.302
4.399
3.543
5.693
4.608
13.635
4.984
6.352
6.209
4.865
8.985
4.599
4.942
4.930
4.200
5.511
6.346
13.074
6.732
16.868
4.800
23.972
23.659
31.543
5.434
14.673
3.358
11.778
7.529
9.759
13.417
8.122
17.092
16.888
7.484
12.385
8.272
4.791
11.221
4.947
4.976
28.928
8.599
10.079
5.430
11.461
10.758
5.563
8.900
3.890
4.310
11.269
7.010
9.512
4.602
5.327
11.540
4.232
5.552
4.674
6.936
6.198
8.590
3.620
8.649
12.918
3.574
7.867
4.694
9.144
4.974
5.158
4.108
19.473
6.178
5.744
18.595
7.287
13.123
8.682
16.024
9.662
5.064
6.457
4.446
5.824
15.549
21.060
7.888
6.543
10.926
7.790
4.473
9.990
17.915
5.056
4.151
6.639
10.700
3.745
20.670
12.118
20.002
2.958
11.632
49.694
32.130
20.289
47.082
24.793
30.107
45.053
37.555
15.163
47.821
12.786
24.491
43.526
57.681
48.301
48.582
50.418
48.905
58.221
45.250
34.155
43.223
51.849
48.188
48.199
46.665
45.897
48.088
51.124
46.978
46.267
49.321
46.065
33.685
50.522
42.200
44.185
4.925
6.814
13.943
38.654
31.624
18.820
41.562
43.832
13.135
17.900
10.668
9.296
29.153
36.551
54.029
26.504
28.834
40.257
46.455
16.453
27.677
17.013
17.249
37.417
15.713
40.356
42.766
53.975
25.032
66.314
50.028
38.315
22.858
23.583
69.740
18.769
49.815
18.078
15.533
11.685
33.083
34.315
36.941
47.979
32.076
15.521
30.988
14.378
53.010
8.719
37.094
18.736
32.069
45.688
45.353
36.827
30.247
44.945
51.044
39.152
33.628
8.140
29.222
47.066
67.414
43.019
32.731
32.485
43.454
46.665
25.888
32.974
30.263
48.301
26.178
28.385
41.055
9.892
7.201
52.168
18.378
4.911
8.349
4.908
9.419
13.506
10.653
3.962
6.883
7.925
4.869
9.686
8.882
6.115
23.327
23.539
7.340
9.140
5.745
13.186
19.627
26.974
5.803
48.091
23.421
15.451
21.659
7.908
33.147
4.785
19.914
11.219
9.620
9.027
9.746
11.105
12.778
10.315
7.256
12.603
8.649
8.186
10.332
5.983
7.718
15.434
14.751
20.641
7.208
6.217
5.359
7.950
16.128
10.006
5.581
7.612
4.818
5.953
16.089
10.490
6.705
7.423
22.262
11.749
10.009
8.133
13.791
6.772
4.888
5.112
5.258
7.965
21.308
8.040
7.855
3.947
7.867
4.588
5.250
6.467
11.516
6.046
13.963
4.580
4.831
9.017
6.187
9.875
7.934
7.253
8.586
6.567
9.410
8.011
5.932
8.690
5.000
4.332
8.763
4.279
11.482
5.163
8.881
5.368
15.085
22.068
19.267
4.481
11.497
9.571
16.999
9.603
23.717
12.164
7.339
13.506
7.023
13.908
4.026
12.718
5.367
3.221
7.450
5.229
23.720
4.966
19.682
8.635
7.147
14.333
3.633
18.121
5.245
2.862
6.809
15.876
14.067
11.811
15.684
5.529
11.536
6.805
4.832
25.782
15.762
4.458
10.447
13.722
13.092
9.086
7.360
5.557
5.130
5.018
5.244
16.990
6.662
4.002
6.797
26.092
4.626
4.115
12.368
7.379
9.846
5.259
9.133
10.075
7.620
6.353
8.125
11.538
8.720
9.035
7.011
10.324
6.471
15.037
13.552
9.052
4.326
7.141
4.588
18.087
20.275
7.505
15.653
5.827
8.867
24.020
12.554
6.241
4.399
4.524
3.861
6.611
12.152
7.901
8.538
7.955
10.288
9.842
12.430
9.968
2.628
10.359
10.484
9.602
18.096
7.215
25.934
16.251
7.129
10.551
6.840
9.215
13.520
9.267
14.914
8.272
12.021
11.857
10.244
8.479
7.510
17.759
9.314
11.117
10.264
25.563
7.786
5.246
5.451
6.025
5.675
4.431
13.942
3.845
11.238
10.009
16.735
7.409
11.594
4.666
17.356
13.648
5.157
9.295
16.063
22.906
6.171
5.746
15.764
7.209
7.401
16.191
7.049
3.971
5.250
6.341
27.378
5.290
7.120
7.042
5.658
3.629
13.865
6.534
6.729
5.045
15.432
3.314
7.557
7.346
6.997
11.512
20.424
19.002
4.996
13.738
5.308
6.098
7.282
16.899
8.871
10.452
15.124
11.097
10.822
9.647
8.930
11.560
4.824
4.671
6.179
17.418
17.560
5.678
12.327
7.378
4.605
8.451
9.405
11.804
13.975
14.024
10.492
6.156
13.387
6.174
6.536
13.252
8.827
30.519
15.750
7.659
12.625
7.856
16.888
13.012
6.143
20.760
3.069
6.415
9.439
11.189
9.219
14.860
14.862
5.679
5.683
9.552
8.442
6.234
10.211
6.648
8.741
5.823
8.033
3.872
10.633
6.906
28.127
10.634
5.329
16.801
11.442
14.160
4.195
6.276
5.132
6.869
5.732
4.195
5.752
10.294
10.082
5.676
5.294
5.810
8.456
5.949
6.365
8.201
8.965
5.949
5.503
12.407
17.483
19.879
10.485
5.167
4.617
9.503
5.261
12.653
3.644
4.433
6.095
10.077
5.590
3.792
4.361
3.933
5.069
7.561
15.544
14.719
3.804
4.710
5.423
5.426
9.330
9.221
8.482
19.603
7.553
4.024
7.843
6.166
3.394
10.385
8.136
7.735
3.055
7.066
6.484
9.161
12.162
8.081
5.010
14.866
11.229
6.334
13.585
5.285
6.058
9.211
8.425
4.915
4.442
6.348
4.617
5.105
5.447
16.975
5.565
5.327
3.510
19.650
10.871
5.451
7.409
12.561
3.766
13.126
10.438
5.711
23.491
4.567
15.730
9.681
7.420
9.417
8.172
10.280
14.556
7.250
6.455
3.650
11.377
5.197
5.637
5.226
6.500
7.137
7.290
4.751
7.490
5.472
6.096
3.506
5.843
3.512
23.224
4.778
8.546
3.124
3.725
6.893
12.746
11.302
17.754
10.948
15.118
10.433
6.802
5.994
5.130
8.408
6.053
3.822
8.538
6.030
15.835
9.141
4.476
8.550
4.260
3.741
6.624
4.456
11.529
8.314
3.933
6.589
5.917
5.183
5.466
5.980
3.431
3.290
11.442
4.229
3.190
9.385
11.523
9.910
8.047
4.965
18.356
4.798
3.748
3.622
2.431
15.919
5.791
2.795
4.440
5.040
7.135
4.655
3.973
11.963
7.323
20.032
3.465
4.341
8.642
5.748
6.250
5.211
10.781
24.706
16.676
12.951
9.001
8.314
5.729
9.417
9.137
3.776
4.619
5.355
8.754
2.997
5.162
4.709
3.858
3.799
5.002
9.923
4.381
3.885
4.975
4.401
4.911
3.862
2.835
2.858
11.803
4.723
3.250
5.423
3.592
3.675
3.914
3.457
3.818
3.803
3.558
3.229
3.599
3.861
8.791
4.260
4.430
4.314
3.935
3.846
3.263
3.978
3.778
24.906
9.821
13.909
5.704
4.744
20.503
12.017
4.081
4.027
3.767
6.263
3.111
14.912
4.111
5.647
6.169
3.708
4.499
3.810
4.894
4.055
3.380
4.020
3.460
3.992
12.036
4.184
13.116
4.117
5.354
4.032
3.565
7.134
4.574
4.872
4.549
6.462
12.730
5.637
14.730
4.109
14.756
4.805
4.174
29.197
41.089
14.059
10.436
24.965
49.562
68.627
16.420
50.166
43.601
17.770
21.634
38.388
12.207
41.517
44.035
57.811
46.751
11.620
23.943
12.101
35.435
30.231
14.326
43.421
16.519
11.137
49.864
10.659
13.363
54.435
50.749
16.029
23.207
26.053
52.483
44.181
24.620
13.740
21.214
22.479
23.562
14.759
22.702
53.623
28.525
3.457
11.800
3.509
7.746
8.487
5.270
7.195
5.215
10.258
7.833
6.995
5.834
26.053
41.584
15.739
5.539
6.318
5.570
9.479
44.374
9.886
15.157
10.424
39.469
7.766
7.455
53.314
5.207
7.996
12.686
2.879
10.126
6.987
11.721
15.079
6.534
16.116
12.731
20.363
5.075
20.200
30.517
26.646
10.573
17.003
10.015
12.988
4.649
11.469
15.389
54.931
3.816
46.064
33.003
68.631
17.080
8.086
15.981
9.971
11.345
22.281
10.254
11.763
25.389
12.843
9.554
17.057
5.881
7.811
8.164
14.644
54.669
13.013
12.726
54.545
11.925
23.275
20.964
25.428
19.764
13.227
26.051
4.990
7.308
14.715
9.310
11.882
12.370
16.274
44.516
11.701
4.970
31.296
4.658
8.088
51.896
10.837
6.734
40.857
52.808
37.748
11.196
47.525
13.325
9.883
10.848
32.950
10.048
11.732
23.358
8.032
35.941
13.096
67.968
44.871
5.403
9.423
69.834
34.572
4.029
8.025
10.789
18.998
16.108
34.616
47.519
12.368
6.257
9.793
8.519
4.695
14.587
6.671
9.410
7.410
14.342
12.371
8.075
12.653
47.451
15.037
16.856
6.097
16.327
7.739
3.887
36.414
51.009
5.587
10.078
5.433
10.089
6.424
13.215
3.692
6.152
7.974
44.480
14.446
4.359
15.882
39.569
43.828
13.560
7.587
6.908
65.354
8.605
71.297
7.871
38.879
43.302
45.176
28.709
47.184
33.238
14.018
10.937
37.293
52.300
11.575
20.858
28.020
31.722
15.995
8.667
13.248
15.902
38.143
37.618
9.167
41.860
10.491
15.364
12.290
14.712
19.110
33.219
34.888
33.570
4.388
45.922
53.411
18.226
66.987
15.746
29.155
33.831
14.238
46.901
11.161
14.230
17.158
43.465
20.553
51.487
28.588
38.650
44.657
50.720
5.425
5.133
11.198
20.899
14.479
10.148
5.674
7.936
9.873
11.501
5.126
9.144
17.167
11.977
31.046
7.868
11.107
3.678
4.575
9.019
6.287
15.256
20.279
11.438
6.944
7.253
44.089
8.307
9.289
12.637
9.332
13.545
25.038
13.716
8.701
6.922
6.016
10.716
8.929
4.997
6.359
7.026
4.349
6.812
6.402
10.775
4.490
6.301
8.709
4.841
5.380
6.057
5.701
3.913
5.987
5.901
7.767
4.960
6.946
7.022
7.122
9.259
6.059
7.065
5.122
9.530
5.919
7.085
4.897
6.664
16.140
6.904
5.470
7.970
4.293
4.667
6.806
4.085
8.537
6.217
9.356
3.943
3.899
5.577
7.293
4.468
6.464
4.878
4.562
4.378
15.135
11.884
16.065
13.368
11.418
5.761
12.744
5.750
4.892
5.322
6.366
11.690
9.454
11.555
4.261
8.543
15.597
8.129
6.778
5.467
9.459
4.270
9.886
7.426
5.090
12.877
4.645
9.525
4.637
7.364
10.180
5.920
13.399
25.323
6.503
8.371
5.264
5.301
3.650
3.607
4.967
16.243
25.557
23.282
4.261
4.268
16.608
13.281
5.901
13.410
16.190
19.630
12.924
3.691
6.151
5.573
5.861
4.771
4.438
15.933
6.832
10.763
5.057
5.537
3.897
6.855
6.479
4.424
7.886
6.767
6.444
7.170
4.728
9.363
8.538
5.221
4.645
15.793
9.811
10.740
8.560
4.499
7.325
6.878
7.412
8.567
5.989
8.083
35.586
14.969
15.333
7.538
4.073
4.221
13.894
16.754
14.271
6.561
11.350
3.159
6.608
10.338
9.130
3.917
7.674
4.824
7.087
4.258
6.644
5.342
6.350
4.266
5.570
8.745
3.665
4.416
7.216
4.965
6.391
5.433
7.031
5.248
10.157
5.931
4.762
13.247
9.094
4.161
6.486
12.077
5.508
9.473
4.360
9.036
41.365
3.670
4.193
4.735
10.486
4.053
10.535
9.783
9.421
5.283
5.923
5.874
9.452
4.250
23.606
5.071
5.362
4.487
4.229
6.452
4.880
11.546
16.955
6.445
6.107
3.953
9.483
8.457
4.486
5.464
10.398
5.917
5.040
6.261
7.776
10.465
4.662
4.134
7.110
11.793
9.745
31.012
6.162
11.381
7.164
11.196
6.887
5.180
5.675
4.573
7.391
11.869
5.247
4.564
4.474
6.026
6.008
3.868
6.163
5.917
6.055
4.877
18.253
4.678
13.358
6.391
4.059
5.599
5.291
10.738
4.248
4.404
6.394
5.052
13.930
11.775
7.996
4.880
41.600
6.548
5.272
10.108
10.035
11.214
14.287
9.709
6.271
5.246
16.605
5.674
7.469
9.461
6.589
10.607
5.200
5.437
5.622
20.816
12.495
31.777
8.749
10.894
15.539
5.310
4.798
4.842
19.984
4.409
4.773
13.454
5.819
5.572
20.098
7.086
11.429
15.250
8.542
14.885
7.812
18.285
17.568
9.824
17.689
15.105
15.630
20.421
27.654
14.554
10.416
15.110
7.809
32.334
14.765
20.652
11.875
11.153
5.335
3.544
5.894
3.512
5.233
6.956
5.503
7.006
13.670
4.952
18.956
9.021
4.652
9.002
5.509
3.145
3.314
17.970
13.677
5.882
8.321
14.424
4.693
7.988
5.959
4.655
7.037
5.046
5.650
9.321
5.484
8.116
11.715
11.999
18.447
4.415
5.873
5.423
10.835
6.530
4.665
4.600
16.660
4.175
13.130
4.975
4.658
17.981
4.580
10.237
4.253
11.983
12.749
5.563
3.256
10.285
5.608
6.220
18.476
7.193
3.635
8.099
12.389
8.649
19.731
3.756
6.453
13.183
6.654
4.560
6.982
3.755
4.436
4.820
5.279
6.674
4.281
5.732
6.026
3.667
8.964
4.588
3.993
4.908
3.241
3.666
3.559
3.237
4.084
3.678
3.870
4.870
8.400
7.935
4.766
6.472
6.418
10.256
5.962
5.802
6.624
3.562
10.435
2.770
5.891
4.187
3.934
3.833
10.839
9.068
10.621
4.117
7.400
5.609
14.797
7.124
14.462
4.175
3.465
26.604
30.351
12.011
52.141
23.902
18.063
45.136
40.692
45.944
22.668
18.360
10.519
13.905
6.715
69.977
35.412
45.534
18.044
31.395
12.665
41.949
41.548
32.053
38.062
9.235
23.352
56.281
31.159
13.623
8.657
49.295
17.525
25.607
53.665
46.449
55.573
28.397
47.569
36.364
17.841
52.735
13.127
22.045
63.919
11.226
49.599
28.899
29.080
43.814
49.496
43.746
22.856
48.885
29.911
51.928
24.007
53.531
53.151
22.738
3.885
6.721
4.602
4.079
8.875
6.874
4.046
10.564
10.513
6.187
5.957
9.060
48.701
8.885
7.240
6.074
11.017
4.237
6.276
3.974
9.758
6.077
9.302
8.842
10.998
42.264
51.305
5.047
7.507
46.049
7.995
11.452
7.754
19.064
15.925
11.034
7.184
12.684
20.637
47.189
15.019
41.304
52.595
10.070
8.852
6.988
4.549
14.694
41.287
60.468
28.630
3.774
4.295
14.466
7.814
12.166
55.634
12.754
12.257
11.537
9.429
13.919
15.821
36.682
4.987
9.688
21.363
4.206
50.316
14.622
13.749
14.720
15.928
68.687
9.690
28.887
8.161
3.891
14.619
20.200
35.841
22.480
54.271
50.508
35.165
8.839
22.749
23.861
9.851
15.708
6.144
37.856
9.240
11.158
36.266
11.328
42.893
50.113
27.994
35.559
26.166
58.643
20.667
43.108
5.600
22.378
7.848
8.552
18.988
15.406
14.404
13.211
30.914
26.932
21.588
6.188
4.381
4.945
9.943
9.182
6.784
10.622
10.457
6.878
4.792
6.378
12.533
6.767
15.382
3.667
9.195
8.953
14.208
6.873
5.169
5.874
7.033
9.843
7.754
48.927
11.680
5.404
5.353
22.378
39.047
40.553
17.821
35.453
48.701
23.445
23.703
37.644
14.211
8.405
32.741
47.568
42.556
12.748
47.013
49.800
13.094
29.805
35.799
13.260
42.672
22.211
6.152
4.880
37.022
47.396
51.735
49.090
7.479
31.728
16.737
31.911
53.940
51.585
41.207
44.227
35.499
22.350
49.091
30.335
10.441
26.537
34.501
4.771
5.288
8.331
6.809
8.698
7.850
10.862
5.656
9.612
31.400
65.873
7.025
4.010
5.257
3.437
9.314
7.651
21.579
2.856
10.989
12.476
16.384
8.893
5.850
13.191
19.418
4.996
9.009
6.257
15.007
14.627
29.770
13.510
14.352
10.946
16.730
10.173
7.398
6.342
13.499
13.766
9.340
5.845
8.419
4.585
13.691
4.983
7.628
6.538
5.912
9.364
6.831
7.819
13.465
5.324
7.448
16.682
5.763
5.094
4.791
8.075
4.897
5.871
11.143
17.316
11.654
6.156
3.600
10.768
9.918
5.718
14.754
10.301
9.027
5.203
4.373
6.593
37.294
12.524
12.809
7.769
7.494
5.238
5.917
20.205
6.182
7.003
5.438
14.768
11.445
4.594
9.949
8.282
9.675
4.120
13.506
3.667
7.396
8.520
3.979
4.685
4.386
7.411
6.511
8.049
17.515
8.234
9.941
36.378
4.380
29.562
3.793
4.521
32.526
7.450
4.591
3.538
12.324
7.233
4.825
15.834
3.917
8.300
11.421
9.127
11.918
14.014
6.508
7.972
6.186
24.641
5.882
5.179
4.896
4.368
13.939
8.708
11.274
12.507
4.169
5.702
4.610
12.532
6.768
11.318
11.661
9.532
7.960
8.010
3.803
6.268
9.142
12.456
7.029
5.734
12.516
29.697
15.943
23.924
14.450
9.534
3.988
10.353
24.017
5.115
15.353
42.666
28.462
15.445
37.969
24.874
7.543
14.179
22.072
5.488
5.787
23.879
5.679
16.353
5.476
17.221
6.717
13.209
10.819
15.576
15.163
9.751
11.240
6.173
6.607
5.863
6.702
6.953
16.037
6.917
6.859
6.729
6.671
8.269
17.425
7.344
11.210
9.199
5.933
12.616
5.876
9.256
8.446
8.486
20.092
16.717
8.561
5.099
8.435
7.073
10.249
7.101
5.038
3.837
6.902
5.760
8.057
10.597
10.225
5.109
8.486
6.092
6.569
7.776
3.871
7.587
22.342
7.631
10.413
14.924
7.904
7.228
10.132
12.833
18.028
5.915
8.147
7.769
20.285
5.661
4.469
11.896
6.147
10.152
14.539
7.806
11.871
10.276
8.239
5.651
9.044
9.412
10.642
12.400
9.498
5.603
3.993
26.887
5.982
21.601
9.499
10.995
8.840
7.240
7.681
7.659
3.850
5.224
6.102
6.214
10.098
9.989
12.843
6.443
16.405
4.518
7.136
21.403
6.515
4.748
7.940
25.009
9.998
20.518
5.862
12.904
8.490
16.274
6.661
11.770
5.827
10.588
14.978
11.636
18.513
9.197
24.975
6.800
8.368
6.247
9.318
8.066
8.593
10.597
3.885
11.731
5.138
8.658
5.485
19.850
7.943
6.123
12.314
12.071
10.489
4.509
13.587
5.976
9.214
6.855
6.078
13.603
9.224
11.189
4.436
12.225
8.711
9.687
6.371
6.883
10.681
9.545
6.551
6.069
12.265
19.855
6.589
12.546
6.138
5.310
6.990
14.057
5.826
17.767
4.997
7.388
3.743
9.294
6.867
10.366
17.746
7.262
9.615
6.512
4.372
4.956
5.963
5.769
10.072
3.565
7.631
6.836
14.587
17.635
12.850
7.814
8.032
7.513
4.279
14.099
9.707
8.092
12.475
6.294
7.593
4.105
11.299
10.661
4.034
13.947
4.263
3.708
9.250
13.983
19.896
3.964
3.244
7.819
11.420
3.747
4.483
9.924
13.171
11.137
10.359
7.296
21.075
6.098
13.117
9.828
3.866
15.849
4.576
5.474
8.051
8.496
5.366
11.232
5.939
18.047
14.069
7.215
7.032
7.612
9.436
17.584
11.103
6.548
15.562
6.746
13.551
15.969
16.306
4.943
20.573
3.897
5.010
5.148
16.453
3.280
14.810
3.813
9.470
3.890
14.892
3.924
3.262
11.798
9.321
3.871
11.411
11.401
8.619
5.636
3.442
6.656
4.497
4.711
10.252
3.782
8.300
4.592
5.214
4.155
5.246
5.727
4.511
6.734
9.691
7.701
4.531
5.578
12.857
9.853
4.286
18.739
11.924
7.058
4.618
4.781
3.993
9.893
4.122
13.495
4.720
19.815
15.576
11.409
4.323
11.249
4.364
5.162
4.781
4.275
3.174
8.030
5.142
9.500
15.430
7.003
4.555
2.651
11.213
14.835
35.965
38.512
16.515
24.925
9.624
50.284
10.249
52.141
47.169
33.759
23.468
9.674
15.184
11.335
26.435
47.059
30.760
50.240
37.354
11.229
12.530
24.233
53.448
51.126
32.022
12.494
33.654
8.416
9.005
58.107
46.349
28.687
25.215
39.901
9.757
15.667
54.354
22.817
47.002
12.308
49.601
44.159
46.862
46.151
43.714
32.324
47.768
33.722
53.241
48.789
34.336
23.302
16.506
51.019
21.531
21.531
47.772
54.764
48.987
34.771
28.934
50.795
28.460
6.287
13.694
8.903
30.902
6.629
7.933
4.637
18.498
7.983
5.591
5.562
11.236
11.001
5.937
17.227
41.374
5.368
14.164
11.634
15.585
5.086
42.759
6.088
10.465
48.601
6.981
9.321
11.225
16.908
67.149
9.466
9.244
5.907
47.205
7.449
12.293
10.566
4.767
13.297
14.603
10.290
3.659
8.146
10.422
4.392
25.244
40.458
5.904
6.808
12.090
7.605
7.065
4.657
4.567
6.836
14.072
13.481
13.683
11.525
19.500
19.500
5.363
11.136
11.439
18.831
4.296
9.740
13.002
5.882
13.296
6.835
14.607
15.972
4.036
9.376
26.951
5.141
10.052
12.014
7.410
68.236
54.356
7.197
25.651
36.535
6.334
9.832
8.489
9.745
8.867
68.074
12.030
8.768
52.596
44.464
8.657
15.447
16.713
19.500
9.867
8.439
6.184
13.968
8.785
4.199
11.342
8.219
9.529
34.380
22.901
7.855
8.289
8.430
41.225
65.914
10.355
8.297
8.108
9.375
11.204
6.697
12.680
7.149
18.106
26.052
11.912
51.233
8.946
50.430
42.625
7.733
19.208
26.522
11.115
13.701
7.348
68.525
12.086
39.770
19.935
22.478
25.092
11.844
15.340
4.276
7.902
7.081
11.818
12.679
14.510
8.901
46.237
26.800
11.854
10.658
9.279
5.305
47.175
38.341
37.137
49.289
9.893
3.637
12.741
7.221
12.339
5.822
11.026
4.193
5.264
8.089
7.824
14.241
19.107
5.843
8.485
9.103
7.603
5.048
22.265
31.080
13.315
7.438
12.161
6.616
10.996
6.985
9.583
4.850
11.567
10.226
15.139
16.687
21.053
35.127
11.142
16.736
5.821
11.019
17.830
9.337
10.243
9.698
11.926
12.532
5.881
8.331
48.181
56.526
10.180
33.770
7.772
10.366
14.268
51.330
36.025
51.018
40.613
28.938
6.409
13.625
29.986
11.157
5.658
10.727
42.860
34.822
39.107
17.855
15.679
29.861
34.402
45.843
32.274
13.026
7.633
15.017
10.671
26.208
9.729
14.043
27.455
27.305
16.935
29.879
39.199
23.628
16.773
9.923
9.810
8.841
49.507
3.794
7.064
19.523
5.255
5.736
6.301
7.374
12.037
3.542
6.389
6.075
7.445
11.024
7.755
3.248
8.729
5.388
6.681
7.315
24.504
10.757
6.653
8.681
7.662
8.003
13.220
10.215
7.841
7.002
7.453
6.177
10.380
5.833
4.767
3.750
49.237
6.427
4.367
16.592
4.777
5.053
5.435
14.742
40.116
11.347
8.526
17.354
12.137
3.214
11.160
4.649
3.947
20.952
19.552
5.604
4.358
9.507
6.215
15.365
20.678
6.315
9.578
6.782
6.010
6.394
16.150
6.234
20.508
9.370
6.547
9.230
4.471
5.391
9.617
31.359
4.963
5.023
11.916
14.916
4.286
6.794
6.656
5.203
6.519
4.129
4.711
22.121
15.965
4.581
7.413
4.874
8.537
8.638
7.173
39.898
8.076
8.873
8.287
3.366
4.995
6.307
7.961
14.485
5.498
11.001
14.976
11.176
24.402
11.935
8.551
7.656
3.797
25.429
26.260
14.681
11.067
16.742
9.353
7.769
25.114
7.867
12.517
22.533
23.468
18.318
8.252
4.777
4.267
4.681
7.212
4.760
9.031
13.075
17.617
10.378
5.911
6.675
7.865
6.381
5.830
7.404
10.852
9.633
5.744
4.570
4.843
20.025
26.302
11.251
44.251
5.224
14.700
29.441
30.216
3.742
13.065
14.700
15.315
8.054
23.175
19.761
5.885
6.510
7.886
8.288
10.013
3.587
6.691
9.082
9.207
5.290
7.363
10.023
6.463
5.115
7.785
10.808
6.190
6.052
7.700
5.428
6.716
5.367
8.454
5.397
5.840
5.347
6.623
16.583
17.248
13.658
10.704
19.357
17.515
14.530
15.430
4.492
22.839
20.802
22.203
13.376
14.430
13.861
13.899
15.392
24.826
16.585
20.016
7.034
16.575
11.107
12.220
7.471
8.618
7.281
13.519
10.148
14.531
10.337
7.624
29.564
11.009
16.681
9.034
24.019
6.398
11.375
5.615
18.577
25.303
7.728
6.818
9.123
12.324
4.978
13.745
7.006
8.844
14.328
15.893
15.294
12.915
6.076
17.064
7.401
7.712
4.368
20.618
26.468
10.574
30.249
27.293
10.028
10.944
15.584
9.336
15.298
16.493
5.959
7.823
5.881
9.341
10.386
8.091
4.298
5.412
5.205
5.409
4.402
5.165
13.596
19.260
8.054
10.761
6.671
5.548
17.043
7.032
6.847
5.566
21.262
11.987
8.381
13.918
3.804
15.407
4.304
3.938
10.982
9.852
8.458
4.140
4.466
4.178
5.355
14.247
6.103
8.411
7.464
5.434
7.142
5.591
11.547
6.730
11.405
7.063
13.092
8.351
5.457
6.085
2.631
11.683
6.782
4.177
6.670
6.291
6.076
6.254
9.937
8.448
5.035
5.620
10.368
5.040
17.740
17.338
7.055
4.837
4.870
3.939
8.637
5.808
5.585
9.206
6.719
10.187
6.628
4.513
20.196
7.122
5.741
4.033
6.277
6.233
7.006
3.569
4.067
15.339
8.239
4.392
6.664
4.337
9.286
12.439
19.621
6.831
5.677
6.066
8.088
6.550
4.417
11.972
4.806
5.981
5.531
2.758
3.448
3.535
3.484
10.087
5.697
8.886
14.168
6.729
12.132
5.641
16.810
5.888
5.533
3.283
12.903
9.486
9.653
5.163
7.179
4.436
10.179
8.551
5.562
4.545
3.774
12.896
6.280
9.405
5.229
5.955
7.458
5.622
5.383
5.727
8.849
11.406
11.090
6.577
4.766
2.946
7.709
4.504
3.662
3.324
5.979
4.670
3.878
5.036
4.446
4.602
3.563
5.221
5.210
4.710
4.052
7.376
21.155
3.347
8.468
4.404
4.048
11.798
2.943
2.827
36.565
42.461
53.161
16.800
13.013
12.809
33.231
10.721
10.009
28.287
52.468
8.652
11.225
13.244
27.822
11.012
31.736
31.412
6.834
9.165
44.238
43.112
45.857
9.957
13.329
16.332
52.133
17.551
17.317
26.784
52.240
46.661
39.185
16.800
49.810
46.466
48.888
22.624
11.182
27.758
11.967
40.975
15.867
28.048
48.490
29.327
48.181
34.406
23.270
37.275
46.766
49.900
46.777
47.476
43.715
52.224
27.412
20.767
9.724
4.067
15.217
3.276
19.211
5.316
15.222
14.290
3.690
8.135
10.127
9.787
5.335
9.409
5.562
32.915
13.717
7.689
6.530
9.827
38.637
11.560
6.759
6.918
7.573
43.269
20.589
4.274
6.133
6.908
9.533
12.741
14.558
8.322
6.246
6.736
3.940
5.741
4.675
14.870
8.162
8.465
8.361
25.070
4.365
10.741
19.254
11.920
3.935
68.767
9.297
7.928
36.942
48.901
13.058
9.054
66.101
4.366
7.656
12.747
7.091
10.315
13.969
20.906
9.734
7.007
7.455
4.311
21.000
21.000
21.000
41.528
55.459
10.980
10.545
5.535
11.234
12.114
8.305
6.939
10.161
5.852
9.318
5.520
7.692
19.530
15.188
12.177
9.117
11.303
10.960
43.930
39.902
40.147
61.038
66.017
5.015
31.884
49.520
8.708
9.384
10.070
12.323
7.840
13.776
13.045
10.787
8.155
9.759
46.171
13.726
15.268
43.923
8.844
8.936
9.097
10.636
7.199
6.307
12.628
50.344
68.034
27.280
19.176
12.478
10.662
5.945
54.974
4.158
37.394
36.225
42.818
7.655
3.637
15.529
5.825
27.293
37.185
13.401
47.073
9.049
8.637
41.259
10.023
41.048
37.755
65.635
11.334
13.079
16.800
51.746
33.881
9.968
8.635
24.692
38.448
36.629
48.516
51.629
12.522
18.820
7.034
10.244
14.335
9.131
37.711
44.703
46.971
10.480
9.586
30.537
49.694
6.212
13.230
5.437
10.674
13.860
11.962
11.574
32.992
10.455
59.705
29.028
14.635
16.381
29.007
23.017
50.901
52.585
8.613
25.960
5.030
12.995
7.510
8.483
13.290
6.456
9.948
15.992
25.051
8.796
7.170
9.283
5.886
6.477
10.325
46.567
9.503
48.498
19.191
12.970
7.723
8.983
27.751
5.596
6.253
6.772
53.257
54.817
29.525
42.180
8.037
44.434
7.299
51.325
8.764
8.834
8.954
31.410
53.074
11.905
12.444
6.015
16.705
5.365
5.939
11.211
6.246
5.135
46.064
18.885
11.706
18.915
15.100
30.648
42.453
7.653
13.870
6.987
67.012
9.506
10.145
15.596
28.167
14.296
29.003
21.837
35.944
11.311
24.823
31.662
10.212
49.841
10.928
8.559
6.640
10.171
5.652
65.092
8.398
7.595
9.247
10.567
8.407
6.564
7.782
4.473
6.944
11.937
5.310
6.266
6.629
9.208
9.964
8.505
12.473
6.775
19.202
8.961
10.333
12.059
5.392
8.216
10.322
7.767
12.219
6.082
4.505
8.471
10.060
3.999
5.464
10.339
4.215
8.322
31.133
32.214
24.373
7.141
4.009
4.593
3.876
8.293
11.083
26.098
7.994
14.393
5.768
4.516
26.261
17.688
4.960
19.488
4.065
4.572
16.411
4.467
3.926
5.043
6.280
11.430
8.893
6.301
7.441
5.956
4.504
6.022
6.854
12.734
9.406
10.150
4.507
7.363
6.166
7.915
10.854
21.788
10.800
9.869
6.112
15.994
9.761
16.058
7.976
10.475
7.443
7.419
12.555
6.532
5.877
7.661
9.770
6.148
6.443
6.164
6.438
5.856
7.862
6.650
16.783
7.472
6.931
6.938
15.965
10.011
10.189
5.152
4.603
9.077
10.171
19.255
8.722
4.569
10.202
45.941
12.955
22.734
26.420
21.011
8.186
23.460
9.447
10.852
16.955
6.688
11.914
7.159
4.742
10.787
9.689
5.430
10.702
8.333
7.676
9.501
15.450
15.803
7.220
8.795
5.147
4.169
9.620
5.617
5.506
7.027
9.513
5.715
12.629
12.404
7.519
12.247
6.737
16.564
5.753
4.491
10.400
5.413
18.320
22.171
10.065
3.810
10.182
7.384
10.468
28.421
15.182
6.247
12.195
35.112
3.768
28.372
5.967
5.194
5.412
16.666
4.519
27.070
23.147
15.037
5.956
8.294
8.454
13.214
7.935
4.564
5.154
11.894
10.900
8.678
13.098
5.418
8.799
7.827
13.231
13.814
11.430
6.590
20.274
4.209
16.453
8.164
4.477
9.807
6.741
6.112
12.553
7.913
11.546
4.582
5.909
13.644
4.836
17.054
21.039
6.241
11.380
3.513
7.619
8.011
6.171
4.744
4.553
6.224
5.790
6.025
4.692
8.205
6.960
6.198
7.525
6.029
3.531
6.144
6.316
6.097
4.166
6.562
4.587
4.279
3.746
6.956
8.601
23.644
3.876
7.358
3.783
7.238
11.076
4.361
13.581
8.008
4.759
5.787
12.202
5.643
6.209
6.156
5.740
3.648
4.445
5.363
5.740
4.972
6.347
5.385
12.871
7.480
13.190
4.295
14.342
6.614
9.891
7.389
4.732
7.183
7.117
16.895
5.402
7.406
7.299
5.639
4.963
6.263
6.212
4.778
15.289
8.805
15.912
10.563
6.721
18.099
5.615
10.465
6.750
15.523
7.925
7.104
20.838
7.738
10.436
8.529
5.818
4.092
4.273
5.675
12.243
14.763
4.564
9.295
4.039
6.287
12.973
11.473
8.924
5.335
6.932
11.855
8.311
5.575
6.473
7.523
13.523
10.813
5.469
10.668
8.829
7.047
11.908
18.723
8.732
7.871
13.968
4.372
15.219
5.375
16.114
13.764
11.535
6.099
12.798
5.749
4.919
15.902
9.037
7.488
8.787
12.144
5.023
6.150
6.310
7.039
10.890
4.793
9.694
11.752
4.679
15.359
6.999
8.193
10.556
7.028
4.746
7.221
5.373
13.061
12.856
5.467
6.182
6.004
5.258
5.290
11.248
14.667
14.288
22.017
6.559
5.531
9.541
8.464
8.191
4.400
9.235
6.803
9.069
4.677
8.562
13.007
6.983
14.103
15.606
7.434
5.756
13.137
5.221
4.996
9.683
11.749
10.225
4.348
6.325
5.362
11.985
3.479
5.801
8.199
5.044
5.162
2.856
20.743
3.855
3.660
9.639
10.506
4.110
12.890
7.651
7.600
11.848
10.481
50.225
16.210
71.247
48.301
48.095
56.613
33.531
67.500
50.422
50.006
49.929
44.613
49.172
61.673
10.216
10.779
22.485
4.605
19.009
41.846
43.788
11.280
9.313
19.488
12.439
15.510
19.002
7.337
14.660
14.840
50.835
13.058
21.531
45.901
27.549
30.514
20.512
65.377
38.571
41.835
17.259
48.089
51.425
49.770
69.283
19.315
8.739
49.430
17.914
12.673
19.165
25.887
17.371
13.507
16.046
18.920
7.527
15.972
16.936
21.403
40.318
50.614
42.963
24.066
18.710
55.486
17.107
29.490
45.147
46.874
31.324
43.650
8.585
15.514
17.774
18.577
7.496
15.790
6.351
8.775
16.926
16.022
13.829
26.149
36.901
15.683
14.038
11.607
16.225
14.432
7.782
10.088
25.035
22.420
33.314
45.440
42.666
51.855
45.735
25.266
28.735
30.166
19.715
10.486
24.438
3.868
22.105
4.120
24.384
7.136
43.519
8.039
57.328
21.200
12.927
21.484
48.501
23.381
18.953
40.052
25.881
28.133
18.188
38.598
38.287
41.037
56.220
16.905
17.055
14.280
22.696
22.280
11.642
39.249
8.646
25.284
25.142
53.975
18.782
21.159
13.549
39.143
43.796
9.171
27.173
20.388
43.585
21.490
48.976
17.442
16.927
31.259
27.173
29.155
26.791
6.885
38.944
25.818
36.236
23.830
25.018
25.462
54.263
44.225
12.893
7.461
12.421
45.653
44.476
50.402
48.073
39.691
22.666
50.724
45.446
52.611
28.391
48.697
29.726
25.137
46.661
51.207
41.430
14.845
38.075
9.644
19.044
24.411
14.747
6.208
49.915
9.021
23.830
16.493
18.561
34.353
11.872
15.582
11.644
33.082
43.314
15.611
15.754
6.072
10.689
19.016
9.991
7.514
13.371
15.618
8.196
8.292
5.788
15.760
15.449
18.123
8.152
15.777
17.702
17.652
18.816
12.953
17.071
30.050
30.090
6.699
4.994
10.218
4.500
5.754
17.384
9.757
12.233
11.368
16.817
9.083
16.806
22.251
11.418
16.801
14.110
10.909
11.633
17.323
13.717
9.640
5.011
4.173
8.713
5.252
11.444
5.612
9.180
6.797
6.821
6.255
4.848
13.244
11.826
5.647
9.775
7.434
7.175
3.893
7.593
7.661
5.832
8.839
5.187
9.962
10.993
9.611
9.552
5.924
5.636
7.199
6.188
7.045
7.458
8.556
14.579
13.588
15.271
8.784
13.095
7.455
6.593
9.888
4.635
7.057
15.101
6.399
5.236
7.276
8.890
13.357
8.764
5.234
7.023
12.498
5.798
11.537
5.471
9.255
7.201
8.445
10.879
8.974
3.361
10.965
4.548
9.200
8.781
10.978
11.602
7.715
7.420
6.711
6.546
7.316
5.945
21.735
21.484
6.661
8.878
9.101
10.540
12.083
7.938
9.876
5.659
10.159
9.867
10.530
11.299
8.790
10.132
8.419
13.060
10.462
7.355
16.801
10.562
5.916
12.398
7.987
11.108
6.707
16.533
18.287
4.504
7.220
7.302
6.533
7.048
7.203
7.926
5.935
6.388
13.890
11.029
5.580
6.301
10.832
11.734
5.295
11.253
14.686
4.712
10.987
3.600
12.476
13.686
12.115
5.837
5.766
7.820
13.600
16.606
5.231
19.374
7.995
9.297
4.544
11.508
14.078
6.668
6.690
6.463
6.536
6.892
8.876
15.960
5.847
5.184
7.463
17.310
9.711
6.096
4.110
9.992
10.005
8.436
7.346
14.252
13.187
6.396
11.344
8.438
6.170
10.253
5.591
6.735
14.892
9.098
5.725
5.029
2.766
19.935
3.681
3.710
7.134
12.168
12.368
7.348
8.895
6.565
4.048
14.883
16.670
3.757
4.878
10.949
19.510
9.565
6.068
15.652
10.277
9.828
9.665
13.016
13.666
10.453
10.657
11.856
14.244
4.902
20.124
4.944
4.213
6.537
5.016
6.801
13.263
11.449
11.751
5.888
6.190
13.913
8.610
6.973
12.218
14.304
13.291
12.489
11.469
19.746
13.803
12.746
5.355
12.724
6.398
16.293
7.166
9.962
5.886
12.290
7.326
6.964
5.952
8.097
5.616
9.634
5.321
6.550
8.545
7.543
10.653
10.887
7.546
11.199
7.028
9.356
13.557
9.435
15.623
9.340
4.595
7.227
6.040
7.198
2.941
10.589
7.030
13.054
8.750
17.378
9.298
12.264
6.594
24.282
9.641
12.056
7.636
4.400
9.856
7.289
5.047
8.861
7.644
10.024
5.280
5.904
6.009
5.263
5.474
11.345
7.593
10.649
26.380
6.937
9.068
9.193
9.887
8.907
4.212
11.983
4.862
4.795
5.579
5.280
5.496
4.520
7.005
8.037
7.084
5.780
4.563
7.530
4.754
7.024
6.279
5.071
5.940
3.529
4.071
6.086
8.439
6.795
8.466
5.230
6.376
17.277
10.729
4.869
4.456
6.399
3.335
4.425
4.489
4.062
5.095
16.125
3.657
6.966
4.850
5.582
7.773
7.775
16.128
6.498
5.031
4.225
8.611
8.522
4.322
9.913
13.794
4.180
10.590
5.949
2.736
5.180
5.553
4.673
4.154
8.903
15.615
3.859
5.573
11.325
9.233
9.295
4.108
3.398
6.846
3.667
10.564
4.860
7.128
5.952
10.549
5.079
9.284
5.333
4.103
11.983
5.167
7.148
15.401
4.886
6.983
5.345
9.923
7.224
4.207
11.614
5.023
4.623
6.631
7.372
4.424
7.508
8.758
7.792
10.326
9.154
7.188
6.328
3.936
13.082
5.273
6.734
3.456
5.261
7.240
10.188
2.842
5.902
4.173
16.905
4.914
4.007
10.293
5.745
11.998
3.358
5.178
4.258
5.440
4.629
7.242
6.354
8.873
4.856
5.076
4.693
5.899
4.934
4.347
6.200
6.639
5.728
5.762
6.526
4.367
4.908
4.494
13.476
6.739
7.412
7.705
5.657
11.484
5.458
10.893
13.018
5.524
8.498
4.161
6.091
7.108
12.776
3.818
4.643
8.365
10.678
3.929
7.303
17.154
9.952
7.540
5.236
15.120
4.353
4.430
4.273
6.593
10.005
4.972
3.993
4.779
3.836
6.758
9.824
7.687
15.611
3.348
4.357
4.070
4.339
10.421
3.741
4.742
4.513
16.381
5.307
3.297
4.389
10.058
4.514
4.072
5.469
4.821
3.166
4.437
3.946
5.227
4.002
6.643
2.538
5.173
4.021
5.556
44.059
46.735
49.038
53.305
33.876
11.112
24.918
32.703
44.163
60.817
6.739
20.036
32.986
68.226
9.479
34.587
51.591
25.329
71.722
41.352
51.145
69.379
69.272
26.575
69.708
38.440
24.027
48.206
23.783
67.284
34.301
51.377
42.713
61.720
47.901
6.530
32.166
43.762
52.503
45.715
45.867
44.566
39.143
46.368
31.788
38.440
66.785
55.940
43.082
10.950
50.051
5.865
5.957
10.625
22.719
8.772
16.002
12.416
33.196
15.917
32.645
31.511
26.932
26.686
14.076
10.137
23.896
30.831
37.427
13.738
36.636
30.410
31.189
23.540
15.933
12.324
32.463
51.165
55.110
29.388
34.482
33.390
50.660
57.261
47.397
50.869
54.305
25.864
11.196
51.373
13.971
28.110
52.682
38.154
11.639
6.566
46.830
10.628
20.200
7.825
9.170
24.598
10.505
25.888
17.821
5.442
11.041
4.791
8.215
6.663
45.698
15.756
10.038
14.135
7.679
7.037
7.444
18.361
8.887
7.930
7.332
7.766
7.321
10.118
19.039
3.975
8.614
19.092
10.323
16.157
5.905
10.909
5.413
25.008
24.162
9.006
52.045
11.621
48.581
8.058
6.540
2.887
8.894
12.825
9.159
9.644
22.332
49.246
19.004
53.703
15.725
4.174
14.854
10.794
31.799
5.438
9.691
5.991
18.710
17.986
32.272
11.634
11.778
36.527
25.995
35.809
12.325
10.199
14.464
25.928
11.540
11.493
52.071
17.392
13.583
20.921
24.500
30.270
16.314
27.087
26.437
34.101
9.412
4.048
8.788
4.547
15.676
10.110
5.469
9.872
9.162
33.698
20.054
33.879
19.231
10.870
30.828
29.926
26.812
36.961
13.557
51.059
14.324
29.928
29.365
8.798
20.678
40.500
19.221
30.991
26.674
47.171
5.469
16.907
29.516
17.063
15.377
12.586
8.452
7.734
9.835
6.806
15.189
16.662
9.249
27.230
5.334
5.651
8.159
5.429
34.381
7.087
6.186
7.142
48.754
19.328
17.249
19.808
11.947
6.676
9.140
11.305
8.172
14.930
19.611
4.872
9.909
15.004
11.084
5.692
11.159
9.379
4.135
18.020
5.631
9.939
11.287
7.402
3.590
9.331
6.704
6.191
8.108
6.092
12.614
8.595
12.470
4.082
8.785
5.307
5.435
16.176
15.733
6.439
3.759
5.195
6.950
4.680
6.017
6.014
11.200
5.216
7.988
6.348
3.764
9.259
12.166
3.801
6.149
9.125
4.423
10.333
9.684
8.646
5.999
3.753
7.129
10.623
11.162
8.590
4.656
4.287
10.055
3.893
8.758
12.248
18.365
11.834
5.430
16.081
9.751
10.186
10.824
6.156
6.374
5.536
12.405
13.703
5.303
3.432
6.095
6.247
5.833
8.247
10.767
9.510
11.656
6.580
14.198
5.105
9.529
4.544
4.768
9.996
14.400
5.739
11.303
14.236
8.152
10.245
4.837
9.651
10.535
5.161
10.750
9.298
10.231
2.639
5.812
13.928
10.123
9.649
8.231
13.388
9.102
6.303
6.243
6.929
10.067
7.589
16.637
5.445
13.380
8.490
9.125
10.838
7.824
8.204
10.059
17.256
5.218
6.673
9.354
9.230
9.302
8.793
24.539
5.138
17.788
14.942
11.406
8.211
6.203
5.695
11.504
7.399
20.619
8.333
8.706
19.343
6.943
10.732
13.050
9.054
11.130
4.987
6.421
5.399
3.301
18.851
4.726
7.620
6.225
5.770
5.263
6.605
6.748
7.113
9.688
10.283
10.273
3.670
14.913
7.063
16.957
6.271
4.305
6.088
5.632
6.517
5.399
13.843
8.181
6.455
10.757
4.495
4.360
7.751
9.451
4.451
7.494
8.348
11.711
16.702
11.107
21.622
16.329
15.424
13.620
6.817
8.698
14.652
11.653
10.880
18.919
6.522
15.310
5.939
7.596
7.356
10.109
9.577
19.809
10.343
20.971
13.545
5.451
8.946
8.975
6.534
5.215
4.769
5.553
4.901
7.221
8.246
17.942
5.357
5.298
4.878
5.676
10.371
7.538
6.722
8.250
5.718
5.448
5.907
4.486
7.746
4.837
7.061
9.438
3.918
10.138
5.561
17.566
3.861
4.379
4.799
5.471
8.147
6.556
10.575
6.384
11.572
4.939
7.286
6.242
8.660
6.570
20.736
13.711
4.843
4.938
10.584
16.959
6.767
7.917
10.986
3.738
4.176
7.171
7.502
4.965
5.544
7.362
7.340
5.347
2.584
8.787
4.850
4.882
3.548
14.034
7.058
8.050
7.942
5.578
21.057
8.679
15.518
22.962
10.141
5.436
14.211
8.450
4.546
8.780
11.223
6.819
6.034
6.835
6.094
15.543
6.569
8.272
4.313
7.070
16.924
10.118
6.653
6.075
5.334
4.129
22.402
6.603
7.208
6.965
11.215
13.225
6.895
8.768
10.992
8.669
8.778
14.309
5.205
5.377
13.506
4.159
5.865
5.552
7.302
11.384
7.952
5.007
6.549
4.329
14.804
4.052
6.672
13.477
8.605
7.773
14.547
5.822
10.126
8.875
10.032
7.553
9.383
7.450
11.186
7.715
11.290
8.657
11.023
3.960
6.412
9.808
5.607
5.267
4.306
3.968
6.188
8.490
16.972
4.733
4.773
4.591
11.240
5.281
8.854
5.387
7.664
10.279
17.356
7.254
6.995
8.663
7.802
6.866
4.606
6.075
3.967
11.752
10.334
7.358
10.323
4.727
8.829
5.654
4.122
6.712
6.149
4.476
5.910
8.816
4.659
5.280
4.762
6.668
4.652
4.963
5.866
5.749
7.473
6.839
4.586
4.444
3.568
6.180
5.153
9.718
6.027
7.500
6.170
6.744
4.094
4.561
7.480
9.675
4.994
5.745
4.243
5.431
7.271
15.479
8.716
8.002
9.172
5.225
5.760
5.463
4.092
19.686
4.629
4.594
15.046
7.084
5.500
14.716
13.168
19.074
7.341
13.717
5.753
6.394
4.208
7.662
3.807
8.913
6.008
15.692
4.616
3.102
5.713
9.313
19.530
5.685
5.823
6.646
7.071
13.511
11.170
11.384
4.545
5.023
24.412
7.071
9.736
9.225
9.044
10.932
11.274
16.068
5.941
17.269
8.531
17.475
6.062
4.647
5.011
8.291
12.398
10.230
13.598
7.449
19.516
11.331
5.765
6.324
8.842
3.936
7.353
11.296
16.077
9.776
4.428
8.871
10.065
11.195
9.872
