5.682
14.124
8.936
20.968
26.146
21.609
17.077
9.201
8.675
20.502
25.758
17.741
30.639
6.981
16.121
9.661
11.074
6.130
15.180
23.898
15.660
1.524
11.722
35.542
17.515
15.325
19.015
2.838
25.268
8.367
22.228
20.238
46.765
20.352
19.683
13.982
12.920
4.008
9.094
15.801
9.822
16.895
11.070
12.747
9.954
13.462
4.610
41.788
11.758
15.306
8.998
21.146
21.913
4.305
11.989
4.048
5.674
9.923
19.213
11.507
1.564
3.449
13.655
5.315
14.512
7.236
28.213
9.737
20.292
15.959
13.606
21.625
26.119
22.523
13.908
46.726
6.957
7.642
13.922
10.781
1.584
11.411
14.430
11.986
7.184
15.644
26.145
18.168
8.941
15.882
26.924
12.532
32.310
16.138
13.407
17.745
4.653
22.613
13.290
30.403
26.224
7.954
19.471
22.515
8.215
30.619
12.885
7.190
15.062
8.045
2.875
12.220
19.975
12.209
26.433
14.881
27.377
24.192
27.132
6.872
11.917
7.907
23.000
0.828
15.526
0.658
6.575
3.984
18.218
3.147
0.307
11.898
10.197
0.763
1.041
7.623
1.065
0.856
2.682
0.562
3.086
7.655
1.165
3.770
19.050
28.239
11.224
21.258
13.936
9.444
22.974
5.384
1.371
30.479
29.831
24.142
21.507
9.204
17.238
11.245
7.411
10.074
15.234
0.648
8.207
6.886
4.324
18.848
29.364
17.637
30.231
6.501
6.448
5.670
2.613
3.313
12.244
4.149
5.891
7.403
12.587
2.796
13.546
10.196
2.342
17.948
12.274
15.731
10.554
13.570
16.921
15.055
4.844
4.238
9.617
20.483
31.087
7.760
4.651
15.821
28.109
15.144
10.149
20.132
20.493
12.187
9.828
40.337
24.508
5.037
7.516
5.475
6.378
26.239
25.123
8.386
8.948
1.932
23.885
23.554
11.341
16.088
2.063
11.319
1.637
0.438
3.010
5.561
6.806
18.902
16.205
25.174
22.341
23.645
11.752
12.045
22.915
5.005
23.015
25.252
3.430
15.085
15.683
22.864
18.191
29.965
3.825
8.946
3.277
10.580
21.361
11.746
16.084
4.571
13.312
10.186
26.139
39.130
9.474
16.303
20.500
14.292
14.903
4.667
10.289
12.354
5.711
15.018
5.771
15.387
19.451
26.075
7.429
9.221
14.542
24.142
15.520
27.415
20.450
17.966
1.502
2.813
5.613
4.731
5.446
9.160
13.411
5.544
2.757
14.535
9.173
7.059
12.912
3.167
1.293
0.477
2.126
4.094
4.019
0.968
6.188
2.332
12.277
8.194
6.807
15.199
4.019
11.551
8.386
9.159
6.640
6.302
0.832
7.939
3.562
4.222
6.242
0.728
0.111
1.842
14.942
1.795
2.940
6.345
14.948
0.870
0.325
0.756
5.696
8.576
0.479
0.110
1.547
0.779
0.547
9.516
0.893
0.555
1.646
0.106
0.325
0.104
1.517
3.308
0.214
0.204
0.962
4.159
0.809
5.411
1.481
4.977
0.239
5.700
13.705
0.732
7.529
9.987
5.075
9.205
9.486
13.567
8.363
10.144
6.722
9.680
0.720
3.487
9.890
9.502
19.969
6.037
8.253
4.252
4.716
2.406
5.237
0.564
4.976
5.119
12.635
2.296
7.579
3.275
5.093
1.433
0.112
0.783
1.551
11.239
6.120
7.395
13.496
8.650
16.080
5.518
13.255
13.020
3.807
3.960
10.432
7.082
6.973
8.707
8.052
3.525
9.035
2.041
0.987
5.849
6.988
1.346
2.736
2.194
2.650
3.179
1.406
3.623
3.363
4.165
3.812
2.158
0.454
1.694
3.706
5.722
1.388
4.618
2.267
3.140
0.334
1.195
0.819
2.119
1.070
1.386
6.019
2.643
0.797
1.163
2.815
1.492
4.583
1.847
1.206
1.863
3.873
2.943
2.188
1.166
0.550
2.949
0.368
2.722
4.964
2.028
0.207
4.232
4.667
3.700
1.596
0.211
0.201
2.306
1.431
1.820
0.945
1.501
2.965
3.175
0.209
3.814
0.776
0.556
1.164
1.193
2.409
1.138
1.194
0.853
0.797
1.360
0.429
0.346
3.115
0.428
0.633
1.968
2.459
0.446
0.414
0.340
0.102
0.208
1.032
0.205
0.325
1.430
1.655
0.360
0.409
0.222
0.100
1.093
1.897
3.161
1.951
2.349
1.965
1.199
0.952
1.062
0.306
4.860
0.550
0.540
0.791
1.024
1.060
0.523
0.438
0.422
0.314
0.358
0.552
0.218
0.771
0.457
1.317
1.658
1.447
0.395
1.185
0.209
2.121
0.339
4.175
0.173
2.142
0.416
0.570
0.864
2.786
0.205
3.206
2.567
0.911
4.924
2.437
3.673
4.332
2.292
4.514
4.073
0.415
0.203
0.438
0.244
1.967
0.333
1.752
0.904
0.647
3.005
2.827
0.336
0.629
0.439
3.429
0.897
0.960
4.191
2.390
0.221
0.678
0.572
0.100
0.220
0.502
0.874
0.429
0.220
0.108
0.717
0.669
1.868
0.475
0.327
0.528
1.434
1.866
3.958
1.930
0.208
0.448
0.672
0.530
0.444
1.484
1.944
0.422
0.203
0.672
0.542
0.103
0.412
1.728
0.637
1.161
0.321
0.640
0.816
0.105
0.104
0.204
0.760
0.636
0.675
0.919
0.521
0.876
0.445
2.607
0.514
3.176
0.345
0.105
0.102
0.808
0.324
0.445
0.797
1.422
0.100
1.081
0.224
0.786
0.105
0.540
1.280
0.783
0.208
0.747
0.207
0.104
1.138
0.268
0.232
0.424
0.845
1.117
0.307
0.885
0.424
0.105
0.636
0.575
0.552
0.898
0.636
0.672
0.226
0.224
0.323
0.626
0.146
0.102
0.321
0.845
0.413
0.212
0.210
0.529
0.305
0.208
0.313
0.213
0.103
0.313
0.735
0.324
0.102
0.307
0.481
0.532
0.407
0.106
0.323
0.324
0.225
0.454
0.120
0.208
0.322
0.109
0.103
0.206
0.215
0.101
0.351
0.102
0.109
0.562
0.211
0.106
0.105
0.221
0.100
0.228
0.101
0.105
0.324
0.106
0.118
0.319
0.231
0.122
0.442
0.103
0.221
