16.865
31.533
46.743
66.182
53.449
51.131
52.443
50.126
18.716
47.974
44.921
23.661
52.855
45.414
48.049
50.613
48.858
50.524
48.577
52.230
50.621
45.208
54.489
51.629
36.116
57.134
48.666
25.758
10.570
17.268
7.949
19.818
5.215
9.480
14.417
11.838
8.791
11.880
39.654
6.122
10.247
66.660
5.509
9.136
19.113
8.620
14.118
8.929
20.090
68.019
52.530
12.830
7.610
51.134
34.040
9.974
16.682
16.994
18.672
68.352
27.270
48.059
20.050
19.765
8.641
16.071
36.104
27.205
53.544
65.951
28.008
50.604
40.332
34.417
50.417
46.330
49.579
56.075
30.681
55.381
13.223
69.358
13.729
10.844
7.341
7.088
10.221
24.472
18.402
8.021
19.730
8.611
13.348
9.441
17.310
71.417
16.359
14.061
26.501
14.516
28.819
7.377
49.077
47.517
52.521
12.664
13.311
16.048
38.256
4.809
26.601
38.115
52.248
21.883
19.413
51.324
19.336
13.952
17.818
16.527
50.609
13.210
21.013
12.526
16.690
7.027
17.719
13.098
10.430
9.041
18.049
5.914
34.746
16.115
13.422
19.170
8.373
7.477
34.880
21.313
48.900
40.213
32.458
47.186
46.579
9.083
8.872
46.319
24.404
51.136
20.873
22.191
44.512
27.506
19.206
43.886
36.600
45.968
36.389
63.207
38.490
45.521
35.838
32.386
17.100
13.438
11.027
26.987
13.028
17.100
29.871
10.713
17.202
16.497
17.426
16.900
29.223
22.530
13.255
37.896
21.910
43.673
28.033
8.629
13.159
6.223
12.896
5.274
12.800
32.675
26.656
6.512
4.041
6.766
18.063
9.850
6.713
5.811
11.534
12.636
4.455
8.679
10.073
10.182
10.587
3.847
7.971
5.708
7.451
6.820
5.576
6.087
6.493
4.396
8.898
5.389
4.325
7.441
18.254
6.027
12.111
5.177
13.756
7.914
18.308
14.341
9.658
5.094
5.050
4.212
25.463
7.678
6.880
9.687
10.515
10.948
12.016
8.694
5.064
11.499
9.969
10.254
7.387
7.359
6.953
15.227
6.547
6.456
5.589
10.953
12.500
26.979
11.277
14.534
49.409
7.117
11.486
10.300
8.739
15.549
17.524
14.049
11.932
4.834
16.562
7.436
6.159
47.601
4.179
7.564
7.974
28.033
12.527
11.394
20.861
26.559
35.183
21.600
8.168
14.008
5.676
11.728
3.250
5.016
4.186
4.767
5.012
5.560
15.608
14.147
8.429
5.478
8.105
6.667
11.695
12.280
8.623
7.110
10.338
10.260
7.031
6.579
5.328
5.030
11.262
8.267
4.117
8.847
17.088
6.063
5.086
10.229
14.187
10.313
8.008
9.644
13.061
11.948
27.125
12.213
11.173
16.227
10.409
20.167
30.721
10.269
5.503
12.182
9.726
6.061
13.445
13.513
4.892
5.662
18.715
20.383
38.923
17.937
13.089
8.497
13.130
16.884
28.943
5.215
15.262
8.206
8.286
10.516
4.675
8.063
14.994
6.249
9.261
7.887
4.475
5.241
15.184
17.713
11.499
38.598
7.882
5.347
18.572
20.053
9.961
7.495
5.727
21.292
19.374
39.474
11.099
7.290
7.335
7.040
14.263
8.784
8.991
6.492
4.609
7.749
9.768
6.594
4.780
4.272
4.521
6.667
4.414
6.847
4.185
5.956
8.520
9.126
5.120
4.967
3.338
7.676
5.509
6.495
10.186
3.793
18.798
4.076
6.796
5.845
6.443
6.750
6.085
12.879
3.363
9.211
5.893
5.533
4.075
5.473
6.597
17.230
7.345
3.555
15.007
3.880
7.195
6.953
4.998
10.799
10.943
8.689
4.488
17.258
7.084
8.040
4.592
22.702
8.231
8.477
6.534
5.421
10.826
15.893
9.532
5.618
3.704
17.965
8.276
7.765
8.436
16.725
5.318
7.701
16.112
9.192
12.209
15.354
11.255
5.677
3.776
7.026
6.539
12.439
8.134
3.257
6.997
6.174
19.433
15.869
3.532
7.071
4.811
15.678
4.638
4.813
5.433
8.225
4.206
4.097
8.405
6.848
9.731
6.097
6.445
14.059
4.584
6.827
6.172
18.401
15.075
6.383
5.473
5.539
20.782
5.869
34.341
6.459
4.909
6.398
11.435
15.747
16.987
11.501
4.480
8.554
4.207
4.144
7.664
4.695
7.081
6.858
7.528
10.135
3.715
10.881
7.668
6.422
12.045
13.948
12.094
8.934
18.206
4.318
6.473
4.977
5.205
9.580
4.277
6.342
4.580
4.843
11.312
5.090
5.434
18.420
7.588
32.132
7.697
10.944
20.400
6.960
5.148
10.996
10.406
9.538
9.051
17.471
10.622
5.880
8.092
24.023
10.469
7.436
6.283
10.273
11.362
11.709
8.810
27.321
10.423
8.693
13.103
7.540
6.712
4.256
8.917
12.051
30.043
6.090
9.921
4.598
11.454
8.710
14.194
6.438
9.901
3.694
16.623
5.415
6.094
4.402
4.610
5.381
7.687
10.843
13.034
15.008
6.244
7.204
3.750
16.230
5.871
18.230
5.187
12.499
19.427
7.024
7.622
25.841
10.900
6.938
6.363
5.941
4.640
7.147
7.033
6.384
4.905
17.491
8.019
3.885
7.065
5.018
7.413
8.050
7.317
6.335
12.126
6.842
21.512
6.801
5.915
13.304
7.648
5.498
6.365
14.140
9.568
7.268
24.126
5.741
5.298
3.958
6.944
15.194
6.445
14.265
10.760
13.604
6.629
16.445
30.181
7.892
6.503
12.616
3.872
9.272
9.778
8.808
3.967
6.739
6.264
6.848
17.398
8.243
6.946
5.373
5.506
7.803
10.738
5.738
6.701
3.865
7.241
12.617
4.369
6.925
6.845
6.186
14.109
8.581
4.859
9.216
6.417
5.870
6.345
9.573
6.759
12.752
9.979
4.676
5.216
9.718
4.049
12.065
5.384
8.758
10.487
17.098
4.255
8.376
10.882
5.294
8.331
4.984
6.169
5.310
5.857
5.643
14.364
4.792
4.282
2.747
12.883
5.767
2.967
4.946
3.948
5.589
6.092
6.706
12.616
6.776
6.983
9.454
8.052
4.242
4.528
4.997
5.152
8.048
5.528
4.681
4.264
7.197
7.679
5.856
4.716
11.348
4.262
4.719
3.832
9.586
13.762
4.964
5.016
6.168
11.738
5.235
14.804
5.536
3.752
5.705
3.267
5.709
5.183
9.778
8.731
4.257
4.268
68.932
50.216
50.429
15.900
25.508
33.072
10.309
44.935
11.202
14.146
9.023
18.411
43.018
14.013
23.342
41.764
43.253
28.783
13.184
29.988
11.441
40.759
5.650
11.808
6.324
8.131
22.636
6.531
12.553
23.125
35.024
46.145
46.038
30.944
46.531
48.065
20.843
48.363
23.342
25.755
20.857
22.194
13.802
17.598
48.898
47.280
17.363
44.011
48.475
26.732
44.892
18.957
10.198
3.097
3.164
8.160
15.654
19.654
11.441
20.355
4.358
9.815
3.122
3.167
4.116
2.434
8.061
7.579
6.960
7.297
12.107
15.891
6.185
20.325
12.746
3.396
17.352
3.332
4.591
2.777
9.422
3.561
5.087
6.151
9.218
5.633
5.921
5.587
6.203
5.958
10.535
7.673
21.333
11.789
7.503
2.529
3.417
3.737
6.711
8.007
3.841
10.633
5.186
4.235
8.616
4.125
4.259
7.150
12.871
3.269
16.154
5.196
8.427
4.219
3.587
4.919
8.670
6.526
8.772
2.843
9.937
57.081
8.094
19.447
7.408
5.276
62.122
3.717
13.793
8.141
10.125
14.710
12.881
21.709
11.261
5.276
5.447
29.165
9.262
10.976
4.378
3.873
4.485
7.360
7.267
12.821
18.754
5.686
8.071
4.611
7.701
14.824
7.541
15.941
7.269
15.261
9.707
6.015
68.239
6.763
3.648
11.226
3.753
6.686
11.090
4.265
10.621
14.456
22.020
10.519
5.143
3.247
4.973
45.548
15.241
15.472
6.093
9.511
5.026
12.993
14.605
3.373
7.707
4.239
10.287
5.493
4.261
11.168
8.259
5.512
7.473
7.163
5.342
5.440
6.289
7.823
5.246
14.054
6.189
22.747
20.855
6.142
3.961
20.855
11.372
4.762
6.901
22.785
6.553
13.560
4.230
16.324
6.284
5.270
10.532
3.973
9.145
5.791
33.614
5.410
7.022
4.865
5.583
14.681
20.172
6.371
3.185
3.394
2.878
6.854
10.214
26.959
7.228
14.616
29.569
10.440
9.256
9.931
28.560
10.261
9.237
12.582
8.025
3.644
5.640
3.952
6.603
8.945
13.444
42.397
4.770
20.700
4.607
11.056
8.680
16.538
8.626
16.770
5.175
3.587
5.171
21.512
4.770
58.805
4.442
10.196
21.849
11.177
4.741
9.203
4.218
44.627
11.085
9.523
5.879
14.028
9.849
10.870
4.658
7.081
44.916
8.494
5.082
5.669
10.553
46.973
12.908
6.405
48.779
5.005
48.691
8.848
9.686
6.565
2.635
14.056
5.162
10.590
7.967
2.660
5.478
30.887
4.752
36.235
3.137
4.092
18.290
8.470
3.486
29.103
3.174
27.895
13.472
5.312
50.017
17.085
10.793
10.842
44.162
18.052
16.599
11.919
29.003
33.723
5.654
9.647
5.827
60.224
13.909
12.966
6.288
5.602
6.474
9.900
8.511
9.736
11.800
6.267
11.446
5.533
11.663
27.793
12.457
67.479
48.060
52.139
3.678
12.860
16.431
15.654
15.950
18.318
6.460
3.988
9.776
19.562
8.413
11.766
10.366
36.560
10.492
9.242
41.025
9.764
14.622
18.618
32.023
47.715
46.895
5.356
12.557
43.401
3.159
13.964
2.965
4.129
3.266
7.101
3.824
19.950
7.885
7.787
24.492
3.958
5.281
4.935
8.132
35.904
26.972
25.828
4.283
10.666
6.067
14.183
4.728
7.978
5.217
5.456
6.493
21.097
4.863
7.959
8.583
6.481
11.041
5.075
19.081
5.914
8.122
5.066
7.609
7.352
10.618
7.603
5.378
17.071
7.432
5.504
9.040
3.582
4.912
3.449
11.658
13.786
4.839
11.316
10.472
6.409
12.233
5.456
12.562
12.969
4.588
7.706
9.709
37.593
4.166
10.348
3.394
5.445
5.061
6.696
5.033
7.439
6.468
14.330
3.777
5.828
5.105
9.659
3.776
8.226
4.596
4.385
6.454
3.375
4.014
5.784
4.145
6.880
9.405
3.670
10.069
10.496
10.920
7.944
31.844
6.355
8.573
7.120
18.582
6.214
9.091
7.366
5.785
9.677
7.006
2.417
9.370
7.062
18.323
3.074
4.538
4.473
10.998
3.766
5.148
16.483
13.756
13.583
7.659
9.227
3.652
6.377
4.153
3.745
4.411
3.554
8.741
44.064
52.779
45.026
10.544
36.049
16.691
4.228
44.397
22.219
11.819
25.163
30.274
4.398
28.364
39.284
29.244
15.620
46.490
7.573
9.866
4.839
6.043
12.955
11.692
9.714
23.299
7.437
27.688
11.629
20.188
9.816
3.464
10.166
18.811
14.471
3.906
6.559
38.277
5.298
6.167
6.873
10.474
44.930
37.097
49.624
11.036
50.845
14.545
16.008
29.229
44.913
19.205
9.951
13.816
9.245
41.655
15.066
26.673
12.261
35.511
14.013
13.150
19.609
4.082
19.122
14.747
29.001
30.308
29.685
10.399
12.180
13.618
4.369
28.545
3.754
18.845
6.538
6.246
8.834
16.377
7.596
11.839
10.625
41.024
3.820
4.654
4.424
3.860
5.167
10.955
3.991
5.119
3.670
11.385
8.673
8.780
15.585
7.096
17.675
5.290
5.263
6.165
13.734
8.693
3.137
15.869
6.760
5.434
10.514
9.670
10.902
4.168
3.448
47.103
5.897
21.909
3.972
27.254
3.767
7.256
5.516
4.175
10.891
10.171
8.038
8.230
6.715
5.688
15.155
8.382
4.622
3.981
4.045
4.871
2.753
2.523
8.284
4.922
19.425
2.883
16.086
3.387
26.222
9.179
10.167
10.019
6.258
12.914
21.626
3.279
8.730
12.602
14.236
12.802
9.460
4.686
2.829
8.493
7.064
3.963
6.109
4.496
6.379
11.728
5.253
30.873
36.980
5.183
3.761
12.203
4.757
3.695
5.732
16.229
42.008
6.412
29.421
7.077
20.584
5.918
11.281
6.756
18.243
8.988
5.940
8.650
6.025
7.494
6.061
5.752
5.967
67.900
8.798
8.191
3.775
9.120
6.332
6.057
21.482
17.735
31.317
5.442
3.673
17.088
6.483
9.310
4.545
4.678
3.087
4.987
7.481
9.448
15.632
7.461
12.160
16.339
3.445
5.685
10.931
13.865
10.576
3.560
8.077
6.335
6.479
5.553
14.365
11.277
3.173
3.257
11.965
3.068
11.385
14.649
4.648
15.031
14.871
3.055
12.254
4.821
4.909
2.540
2.549
3.477
3.622
5.663
65.410
35.128
22.359
13.300
6.944
22.550
49.481
54.773
32.045
11.017
7.497
25.448
32.955
54.289
56.816
39.817
7.347
25.638
25.097
29.714
10.915
7.102
10.713
13.722
68.511
7.144
22.117
19.164
35.554
7.285
21.598
18.900
47.159
46.921
37.383
48.646
55.829
47.444
50.767
47.322
16.061
41.558
13.830
29.940
37.320
7.577
54.089
47.804
50.701
22.642
6.530
18.696
10.491
17.425
8.398
5.746
3.873
5.753
18.724
8.966
6.707
14.496
3.358
3.565
6.415
2.739
6.064
13.021
6.332
3.339
14.604
3.084
8.781
7.914
5.495
12.461
12.774
33.754
9.174
11.720
9.555
14.022
10.265
6.637
7.541
5.271
9.651
11.126
3.643
7.371
7.320
21.169
5.082
6.111
5.058
14.762
7.892
5.038
5.833
5.222
11.582
9.763
4.007
6.751
6.031
5.642
7.051
4.620
8.230
5.641
6.167
4.074
7.976
6.375
3.664
3.693
3.652
4.814
4.614
9.783
6.529
9.514
4.436
10.817
10.404
3.964
3.934
4.638
6.866
7.687
7.739
5.639
8.732
17.932
15.476
16.738
6.563
3.995
3.533
4.480
5.980
3.348
3.961
14.976
7.151
15.989
7.846
5.394
6.347
10.939
5.344
5.586
18.439
5.579
5.567
5.867
6.339
3.553
21.115
7.307
7.360
9.329
5.885
4.321
9.906
5.991
6.054
47.885
5.486
4.612
13.492
7.538
7.946
6.519
5.697
14.450
10.980
5.900
10.672
4.585
8.973
11.703
6.507
7.287
9.017
5.822
11.731
11.885
17.749
10.196
2.647
3.012
18.900
4.241
18.900
10.479
4.180
4.199
5.097
5.153
4.323
5.391
2.526
3.057
6.883
11.949
4.042
7.955
10.437
6.741
8.615
4.271
4.630
15.432
6.301
67.641
5.233
10.230
16.915
3.051
9.751
9.317
7.944
9.278
35.662
5.134
20.062
5.553
13.556
15.679
7.581
12.655
5.528
30.268
16.942
7.634
9.575
6.133
10.220
4.685
6.651
8.585
25.044
5.007
8.635
8.630
37.775
8.623
11.138
11.409
3.267
10.835
3.701
20.578
7.434
7.275
20.251
18.211
16.043
5.109
26.136
24.026
4.937
19.353
6.057
16.203
5.963
4.355
3.828
24.246
9.843
7.556
35.362
3.458
9.143
10.674
10.723
10.110
56.991
10.681
3.650
4.774
3.817
22.411
73.856
13.758
4.511
6.873
3.668
18.369
5.674
8.698
3.158
18.318
12.252
8.691
3.547
19.830
4.001
62.599
5.730
8.675
5.539
8.255
7.472
20.623
34.110
8.565
6.834
12.640
20.167
22.655
13.589
49.986
10.112
10.101
20.576
5.235
5.777
25.596
15.864
8.511
10.745
59.219
26.210
38.995
6.854
6.579
58.715
37.761
22.375
34.271
10.675
6.631
5.518
5.790
9.067
6.494
9.923
26.023
18.778
11.738
56.888
31.434
58.950
7.718
32.779
66.662
23.026
11.438
5.940
13.520
7.659
3.040
16.044
13.847
5.390
11.089
4.631
8.584
5.070
7.098
4.764
7.452
6.050
6.227
16.397
12.589
6.690
6.626
18.273
14.192
10.966
31.807
19.743
10.295
4.759
4.333
8.490
11.400
3.895
9.209
14.859
14.743
9.353
4.539
14.762
10.812
6.168
12.633
3.960
4.142
6.790
6.702
10.324
10.626
4.800
5.690
5.541
7.382
6.775
5.870
7.037
5.465
19.886
3.372
12.500
4.662
5.298
5.153
5.934
15.352
4.976
5.872
6.136
4.523
6.129
12.161
10.559
5.060
12.937
10.616
6.364
21.992
15.232
9.937
16.620
4.208
11.219
3.340
5.707
10.104
11.748
5.442
15.627
8.289
32.039
5.353
3.767
5.690
8.859
2.236
6.931
3.772
14.383
5.191
7.001
3.749
6.127
6.876
5.261
14.528
25.171
9.252
17.419
7.417
28.275
5.276
51.813
34.714
13.584
48.953
5.103
9.015
5.524
4.486
3.436
6.318
8.828
44.370
9.979
30.153
28.210
25.189
26.001
5.067
45.818
13.205
60.960
4.874
6.261
50.495
36.336
29.067
53.944
28.835
68.751
13.332
12.411
4.654
17.472
19.328
10.383
7.463
5.651
19.157
27.377
27.228
39.726
12.011
50.282
14.225
9.797
9.657
4.316
13.632
5.764
4.853
2.957
4.797
41.401
17.204
5.176
14.896
3.685
27.488
29.284
38.593
14.537
16.383
11.120
52.958
52.451
5.388
13.288
19.347
6.745
2.640
13.765
45.389
13.149
27.408
10.204
6.091
27.396
26.568
4.783
16.037
12.412
25.901
28.013
10.515
14.964
19.886
11.865
16.908
3.652
12.945
4.417
3.865
4.934
4.182
5.763
22.069
24.921
13.417
5.261
2.921
3.711
14.729
4.322
10.148
4.096
34.044
11.229
5.476
3.902
6.390
14.561
6.563
3.869
14.248
4.857
17.954
5.462
10.972
6.025
7.008
5.759
16.582
3.786
2.718
4.346
12.924
13.921
6.741
5.541
6.704
3.695
8.447
16.491
3.632
4.681
13.273
20.974
5.121
11.478
11.784
3.897
11.133
3.427
9.637
10.527
7.014
5.665
3.227
5.804
4.464
6.345
4.776
15.786
4.862
12.467
18.035
11.426
24.275
18.132
11.217
11.509
26.795
2.831
13.285
6.574
11.147
3.769
4.857
9.612
4.292
10.611
6.053
5.190
5.006
3.499
3.354
7.417
4.420
13.807
4.929
5.894
4.535
9.960
4.077
4.002
5.768
17.338
5.146
5.099
12.776
6.175
14.589
4.075
23.327
24.977
4.775
17.496
3.848
9.202
3.064
6.290
16.137
7.834
9.431
14.073
7.277
17.308
6.968
8.462
4.321
4.088
11.550
4.521
10.642
9.250
4.470
11.061
12.205
6.944
10.191
4.649
5.518
25.894
9.198
8.392
4.182
10.075
9.699
3.404
15.511
5.180
12.197
4.240
13.537
4.853
8.065
4.725
5.739
4.320
9.135
9.439
3.801
7.043
6.198
3.980
16.273
7.281
3.255
4.267
4.893
9.354
4.749
10.330
4.851
5.295
3.757
16.795
4.451
5.540
23.232
5.680
4.862
4.794
11.936
18.181
14.888
5.274
3.849
4.620
5.061
22.662
7.922
3.457
15.131
5.148
3.450
9.159
3.985
8.508
17.647
17.996
10.309
22.501
8.246
18.292
2.839
2.852
11.123
50.333
31.449
20.198
47.063
24.807
34.651
39.696
37.206
13.947
55.774
12.324
24.273
42.145
45.698
48.290
43.067
50.447
48.895
42.598
45.332
34.915
43.199
51.836
48.205
48.193
46.641
48.752
46.463
51.241
46.945
46.241
46.631
46.029
32.243
50.532
41.671
42.775
13.044
37.667
32.576
18.471
28.808
43.814
14.518
17.900
9.862
9.159
28.025
34.658
53.916
24.329
28.271
23.430
41.154
14.489
30.812
14.363
11.193
33.390
12.419
28.908
29.007
53.953
25.996
66.257
50.012
38.023
20.258
23.846
72.549
18.755
49.820
16.913
15.579
9.682
32.745
33.693
28.807
47.714
34.168
14.924
32.600
15.351
31.845
37.858
18.704
33.846
50.024
45.309
36.321
33.947
44.929
48.159
27.702
27.501
30.376
43.642
67.701
42.991
28.021
29.946
43.517
46.648
27.964
33.004
29.323
48.301
17.281
21.381
41.101
8.030
52.106
18.311
4.036
7.345
13.123
9.547
4.754
8.283
23.070
18.987
7.239
21.841
26.566
48.054
23.164
19.729
27.642
7.053
39.930
19.515
9.433
8.928
9.569
10.681
12.151
10.303
6.941
12.503
9.370
6.441
8.779
5.757
8.440
18.471
19.355
21.889
8.670
12.690
7.532
5.934
7.880
18.651
9.154
5.462
6.660
4.076
6.160
15.713
10.287
8.494
7.667
22.807
12.842
9.189
6.765
12.642
6.525
4.795
4.887
5.346
6.471
22.572
7.730
7.954
3.229
7.491
4.211
5.129
5.892
6.054
10.272
5.641
14.772
3.451
4.476
7.355
6.250
5.575
9.558
7.831
7.972
10.685
5.841
8.977
8.017
6.131
9.076
5.165
4.002
9.243
3.959
12.969
5.362
8.614
4.807
13.540
21.548
25.595
3.096
11.368
8.191
19.336
14.920
27.069
12.711
8.113
7.800
14.406
6.845
11.933
3.881
16.378
4.646
3.181
7.765
5.458
23.054
5.380
19.594
11.000
6.264
14.824
3.938
17.283
4.178
2.867
5.883
17.117
10.933
11.817
14.340
5.733
11.445
6.401
3.971
25.028
17.864
5.502
9.911
12.469
13.429
9.059
6.608
5.451
4.135
5.241
4.435
20.623
6.184
3.499
5.909
28.009
5.043
3.372
8.818
7.153
9.538
4.185
9.023
10.067
7.215
6.320
7.595
7.725
11.522
8.624
8.845
6.417
7.490
10.118
12.562
6.149
15.738
14.418
8.786
3.632
7.652
4.573
18.372
21.924
7.398
15.528
5.427
8.665
8.650
18.967
12.945
5.601
4.387
4.449
3.854
6.573
6.313
10.819
6.930
6.881
8.954
9.848
9.921
12.426
10.026
2.539
8.304
9.870
11.114
18.449
7.276
24.592
17.834
6.939
10.644
6.857
8.911
13.395
8.214
14.094
7.061
17.352
15.066
9.669
11.751
8.122
15.904
9.112
13.203
8.400
26.323
6.829
3.683
5.555
4.630
4.608
4.627
4.267
12.794
4.207
11.182
9.216
19.185
7.556
14.013
4.659
16.521
13.113
4.855
8.855
16.735
23.744
5.739
5.752
15.914
8.905
7.486
16.082
6.206
4.130
3.868
5.553
27.388
5.408
9.225
8.032
5.604
3.687
12.225
6.152
6.788
5.152
14.556
3.514
7.858
7.493
7.319
7.275
9.037
21.006
21.439
4.753
13.034
5.418
5.433
7.811
7.049
18.857
9.784
4.626
11.679
10.940
19.185
13.780
12.046
10.236
9.108
12.751
4.589
4.041
5.996
17.766
16.781
5.453
12.325
7.270
3.805
8.354
8.937
11.201
13.724
14.176
9.314
5.932
11.159
6.065
6.223
12.827
10.334
26.374
16.271
7.868
13.805
8.619
19.759
12.952
6.098
24.443
3.362
5.659
10.684
10.635
8.470
14.250
19.935
5.075
5.438
9.867
8.129
6.283
3.646
11.351
5.289
9.576
5.518
7.626
3.165
9.973
8.477
30.324
11.459
4.976
14.668
11.920
12.484
3.783
5.760
4.820
6.570
5.131
4.284
3.890
4.703
12.215
12.271
5.149
5.389
6.473
7.282
5.652
5.691
7.310
9.866
5.635
4.742
10.133
17.276
20.403
10.060
4.966
4.609
9.829
4.763
14.129
2.856
4.523
5.864
9.974
4.720
3.315
4.059
3.675
5.364
9.141
14.398
12.052
3.297
4.821
5.004
5.445
12.344
8.494
9.766
19.287
5.398
3.802
9.744
5.150
4.099
11.850
9.602
8.053
11.697
2.935
6.032
6.760
4.850
11.748
13.150
4.988
15.569
4.636
4.580
5.651
4.872
9.482
2.884
7.421
6.153
4.777
5.329
18.585
4.005
21.473
3.602
11.041
4.422
6.665
12.874
23.640
12.927
4.968
6.424
6.459
8.170
11.054
6.931
5.430
6.863
3.791
13.582
7.088
5.130
5.234
5.664
6.599
4.647
5.600
5.972
8.621
3.643
5.408
5.553
3.267
3.950
26.352
8.034
3.910
7.857
6.779
3.568
15.766
24.750
3.876
16.198
5.115
7.777
8.093
3.593
6.621
3.900
9.285
8.225
19.352
9.137
3.237
8.171
5.550
3.735
3.439
5.192
3.751
10.684
3.942
7.209
5.405
5.949
5.472
4.526
5.047
5.077
7.875
2.978
3.374
11.967
4.099
15.421
9.800
5.546
11.661
3.598
8.749
10.003
3.658
5.072
4.373
19.930
3.073
4.088
2.418
15.231
5.223
2.867
3.870
5.457
3.812
3.655
10.664
9.303
18.941
3.070
4.491
5.018
6.158
4.593
2.501
10.968
9.360
14.129
10.858
4.759
12.465
12.341
6.121
6.884
10.025
3.996
4.260
8.567
6.106
3.471
12.302
4.562
3.825
10.476
8.046
9.384
2.680
5.077
5.099
4.476
4.424
9.937
4.507
3.380
3.914
3.558
4.595
4.486
3.226
4.035
3.135
3.157
3.199
4.487
2.841
5.619
3.689
3.064
3.710
3.152
3.060
3.161
3.605
3.279
3.270
3.748
3.400
4.082
3.532
3.078
3.383
3.638
3.855
11.352
3.772
3.596
3.626
2.543
3.969
3.653
26.416
4.196
18.209
4.294
22.332
14.446
3.658
7.263
6.085
3.377
3.397
3.470
3.853
3.036
4.471
10.270
3.655
3.671
8.059
3.863
12.768
3.486
3.877
4.310
3.759
11.977
15.906
3.890
3.539
13.751
12.398
12.790
13.894
2.749
5.739
3.112
28.926
35.833
13.978
10.845
24.138
47.062
72.240
16.102
50.140
34.203
17.100
21.579
40.211
12.150
38.956
43.796
55.665
63.170
11.564
23.742
11.972
34.100
35.879
14.112
46.694
16.622
10.427
49.861
10.444
13.872
54.527
24.902
15.877
23.036
25.829
41.694
42.057
24.451
13.534
21.197
22.429
23.454
14.046
22.605
53.599
28.130
3.445
3.007
8.346
8.954
5.274
6.983
8.736
8.612
6.503
4.611
25.829
42.567
15.661
5.626
6.030
4.552
40.650
9.256
15.013
10.112
38.137
7.373
7.837
53.300
4.185
8.668
16.245
2.772
10.355
6.239
10.800
13.723
6.310
14.960
10.929
20.355
4.252
20.200
30.845
24.666
9.982
17.779
9.817
12.407
4.343
11.255
15.308
54.919
3.401
45.692
35.056
68.485
20.246
8.047
13.244
9.758
11.134
19.945
9.845
11.050
22.557
12.828
9.150
17.148
6.381
7.595
6.910
15.050
38.412
12.962
10.907
53.257
11.816
20.927
22.005
24.922
16.257
13.128
25.599
4.912
6.784
12.545
7.335
13.175
10.809
15.937
41.076
11.125
4.363
32.151
4.160
7.570
51.868
10.875
6.350
31.421
52.788
27.001
13.239
47.502
13.021
9.758
10.352
32.882
10.565
11.738
23.162
7.618
24.251
12.357
61.806
34.837
5.260
9.485
72.853
34.792
4.139
8.244
9.340
20.324
16.111
36.226
47.492
10.394
5.516
11.319
7.917
4.282
14.939
6.059
9.686
8.484
12.557
12.805
7.564
11.921
48.304
16.757
15.226
6.289
17.708
9.046
2.542
37.090
54.003
4.930
9.157
5.441
11.325
4.953
13.490
3.083
6.039
7.764
46.949
12.247
3.820
14.095
38.748
42.856
13.173
7.891
7.672
61.025
8.453
71.331
8.353
29.181
42.756
33.131
32.245
43.367
29.480
11.608
11.764
38.662
52.416
11.239
19.811
27.044
26.901
13.820
8.467
12.443
12.683
39.931
38.153
8.149
40.845
9.476
15.506
11.239
13.261
23.102
33.504
33.459
38.459
4.278
40.954
53.419
18.233
66.938
13.560
28.735
26.901
12.130
45.079
11.443
14.240
20.735
35.540
19.523
51.476
28.193
30.720
45.466
50.730
5.717
4.202
9.645
20.885
14.469
9.836
5.073
10.196
9.779
11.280
4.552
9.990
15.368
10.098
33.511
7.676
11.572
3.568
4.423
9.699
7.216
14.775
21.466
9.348
6.422
7.379
40.150
9.507
9.493
15.006
8.089
12.372
16.316
10.586
7.459
9.026
5.090
3.668
5.937
4.841
5.887
11.005
5.425
4.910
7.197
4.676
7.890
3.892
4.766
5.738
3.989
8.149
5.793
10.089
3.497
3.583
8.953
4.478
5.548
4.106
4.471
13.960
13.933
14.577
11.858
6.393
14.040
3.991
4.042
7.623
10.340
7.123
10.609
3.970
17.297
7.132
5.206
10.703
6.900
4.491
11.241
9.228
3.891
6.163
11.230
5.308
14.366
25.260
6.256
5.037
3.234
3.379
4.907
18.404
25.878
23.960
4.254
3.397
19.385
13.193
13.583
18.741
15.217
3.412
4.793
4.811
4.173
14.301
10.409
4.811
3.894
5.509
4.158
7.561
6.215
8.773
4.806
8.439
5.342
3.959
8.272
10.195
4.809
6.536
7.063
10.659
35.311
13.592
15.911
6.259
3.351
4.317
13.381
26.553
5.072
10.511
4.822
14.623
6.445
5.153
4.306
9.292
4.066
14.485
6.044
11.183
6.669
3.694
2.631
6.067
5.059
4.882
10.646
7.722
3.591
5.677
6.260
3.772
4.197
6.435
6.755
4.825
4.603
6.340
6.831
3.834
5.627
6.101
4.380
4.796
5.468
4.161
14.339
6.500
4.483
4.757
8.033
3.467
5.969
3.700
6.712
4.835
7.619
4.449
5.073
3.850
5.849
5.046
8.316
5.632
3.703
15.923
6.896
11.582
4.209
6.457
9.869
6.318
7.393
3.167
8.707
40.550
3.836
3.761
4.636
7.479
11.737
3.760
10.030
8.241
6.145
10.320
5.436
3.742
6.245
10.622
5.690
7.889
3.638
3.884
25.390
4.152
4.645
5.203
4.128
5.487
6.671
3.964
4.994
9.377
13.223
5.578
6.369
6.709
13.727
3.431
9.075
5.223
8.561
4.059
3.899
5.693
5.088
4.302
10.745
4.886
4.742
5.947
4.728
7.098
10.278
6.665
4.353
8.953
12.981
7.602
4.402
3.201
6.996
12.753
8.278
9.366
26.593
15.618
12.460
8.594
6.589
4.778
4.939
4.360
3.271
3.982
4.468
4.662
5.229
5.554
5.347
5.920
5.753
5.272
4.569
4.675
4.189
3.646
4.505
3.689
3.566
3.555
4.203
11.401
11.156
4.345
38.243
9.192
4.747
3.857
9.648
10.036
14.211
8.739
4.126
4.952
5.250
4.942
18.997
10.323
5.058
6.374
8.741
6.376
4.766
4.795
4.504
4.379
5.373
3.630
19.875
31.227
8.615
17.197
10.058
14.995
11.787
3.373
6.834
6.289
4.393
8.756
3.906
3.694
5.497
6.755
5.755
19.107
15.390
7.136
13.929
5.576
5.712
6.621
21.588
17.258
15.792
20.088
8.663
15.929
13.425
21.456
31.303
16.664
16.844
7.751
35.054
12.781
20.508
10.120
3.970
3.409
5.732
6.325
8.741
5.446
4.690
5.351
6.470
11.685
4.531
14.327
9.787
5.007
3.262
9.590
14.573
6.148
2.952
7.724
13.008
4.367
5.120
6.773
9.839
5.358
3.946
4.690
5.340
7.903
5.081
7.140
11.396
16.727
7.711
5.361
3.474
5.256
5.320
8.064
5.615
8.555
4.754
4.189
4.394
6.127
13.647
16.919
6.194
10.078
4.515
8.484
4.388
13.290
4.789
10.688
5.043
7.657
19.623
19.629
4.835
4.477
9.246
3.452
4.360
6.553
13.812
14.007
5.657
4.420
6.966
4.185
11.708
4.798
4.769
5.388
4.857
11.956
4.922
3.261
3.698
5.321
3.666
3.345
9.509
3.978
16.580
4.169
15.276
3.134
3.447
3.741
5.183
2.636
5.074
3.979
9.348
4.763
8.733
7.613
4.957
6.340
5.827
9.832
14.459
6.416
6.565
3.342
11.652
7.565
2.663
5.143
3.340
12.827
3.960
4.077
5.959
7.837
12.699
19.518
11.350
4.779
6.262
6.467
3.637
12.119
26.908
26.511
11.004
52.107
27.867
17.418
45.113
39.303
45.907
22.645
17.572
9.266
13.926
6.411
69.745
37.835
45.517
17.743
33.284
12.269
42.293
40.837
31.665
37.535
9.550
26.495
56.605
28.747
12.834
8.546
49.260
17.719
25.446
53.658
46.436
56.197
28.249
47.530
34.317
17.180
52.728
12.719
22.043
54.457
10.937
49.556
31.635
25.751
43.775
49.591
42.221
22.819
48.867
24.545
51.924
23.936
54.078
53.143
22.628
3.472
5.760
4.097
8.923
6.367
8.836
10.211
5.889
6.277
8.674
48.701
8.222
7.171
6.188
11.208
4.345
5.371
3.669
5.574
8.478
8.234
10.150
44.510
51.252
13.034
4.834
7.822
46.016
7.195
7.679
14.175
10.048
12.817
19.833
7.897
42.369
13.945
40.752
52.534
9.971
4.019
8.444
6.713
4.350
14.988
38.003
60.413
29.613
3.570
4.763
7.979
3.987
13.656
12.077
54.929
12.650
12.139
11.462
9.531
13.711
13.471
33.481
4.649
10.298
3.217
21.355
3.469
50.289
14.610
13.635
14.133
15.815
10.564
68.592
30.794
8.257
14.064
20.200
35.137
22.470
54.254
37.548
9.075
51.142
32.194
8.320
7.718
22.635
25.882
9.851
18.156
36.843
9.120
10.438
30.642
10.531
44.431
47.040
27.644
25.914
26.431
41.201
19.803
44.008
22.360
7.741
7.841
17.951
15.407
14.203
13.313
31.753
26.912
23.328
4.715
3.678
4.855
10.049
3.495
8.249
6.404
10.252
4.266
8.623
3.685
3.771
5.888
6.259
3.968
17.844
9.387
4.090
8.951
17.157
6.353
4.295
9.331
7.180
43.788
3.566
4.974
5.144
22.360
28.903
29.002
17.095
33.637
3.161
48.701
24.973
23.418
37.037
14.199
8.311
28.764
47.533
32.717
12.560
40.109
49.906
28.791
13.075
28.872
31.494
13.163
3.071
42.610
22.424
5.767
9.984
4.898
35.983
43.328
51.737
50.188
6.979
30.266
13.960
30.067
53.975
50.804
35.804
46.978
27.953
19.883
49.065
25.666
10.673
26.612
33.836
4.328
8.140
5.808
6.239
6.791
8.809
4.811
6.186
9.492
3.784
29.821
60.611
6.300
3.492
5.474
11.426
6.982
13.616
1.318
12.275
15.012
14.810
28.123
12.884
14.046
4.289
3.761
5.752
5.301
15.803
8.533
5.518
5.012
5.575
7.794
7.048
11.871
7.611
4.941
6.518
7.029
4.731
5.707
11.729
5.499
14.259
9.071
8.851
5.562
4.189
12.024
6.071
12.478
8.562
4.322
21.495
5.868
6.165
4.995
9.349
8.306
8.461
3.404
6.215
12.790
10.989
3.714
6.579
17.585
8.225
12.731
17.351
9.953
34.980
33.589
8.220
4.377
3.033
13.084
6.604
4.938
15.696
7.667
10.883
8.854
5.230
7.771
4.419
4.289
9.019
9.863
3.863
3.490
22.203
5.134
4.916
9.408
8.016
10.391
11.696
8.436
15.153
2.534
11.778
16.022
5.596
5.883
13.151
29.790
15.583
23.397
14.667
6.356
24.172
6.813
43.804
27.011
16.143
35.628
24.698
11.198
7.660
14.585
5.891
4.243
4.742
29.139
5.582
17.462
5.892
19.977
6.307
15.603
8.510
15.558
10.579
12.561
4.284
6.068
6.344
5.539
5.974
9.747
15.131
6.908
7.821
6.130
6.049
8.263
15.536
6.764
9.465
8.655
8.138
8.472
5.343
14.531
4.900
7.651
7.307
6.703
6.721
18.954
14.428
11.026
7.813
9.247
5.459
8.200
6.968
10.145
6.202
4.520
3.553
6.103
7.925
5.446
7.976
3.991
11.613
10.000
9.279
15.398
5.085
6.138
8.119
9.055
4.862
4.582
6.293
3.676
8.128
23.528
7.689
11.363
17.182
5.490
6.451
9.667
10.428
18.307
5.800
7.718
7.683
19.993
5.682
3.573
11.941
6.341
11.216
12.624
10.504
5.048
10.498
7.934
5.657
5.396
16.377
8.743
9.675
8.798
12.761
10.720
4.822
3.671
9.239
28.137
5.222
8.011
20.429
11.361
8.760
7.346
7.795
7.126
3.950
5.904
4.932
5.780
5.791
9.889
12.441
7.820
17.569
3.666
6.616
17.472
7.629
5.147
6.301
4.345
7.633
19.749
7.742
22.744
5.867
11.845
7.975
18.427
6.277
11.767
6.352
10.632
10.157
16.548
13.019
16.192
11.270
24.953
11.193
6.769
8.063
6.030
9.214
8.812
3.241
11.353
3.720
12.556
8.863
12.726
5.049
8.408
5.048
21.668
5.497
5.908
3.366
13.668
12.870
8.867
4.799
10.968
5.429
7.470
5.504
7.077
7.434
6.117
17.563
10.528
10.799
3.690
12.611
9.263
4.693
9.365
6.831
5.776
11.504
7.352
6.176
11.643
22.769
6.718
12.586
5.749
4.990
6.325
14.016
11.655
5.640
14.557
4.308
6.788
14.568
3.552
9.123
6.090
6.183
9.464
17.080
6.757
9.521
5.373
7.062
4.571
4.558
5.316
5.674
9.804
3.634
2.837
6.547
6.872
12.389
17.265
11.667
8.949
6.815
9.959
14.038
9.168
22.112
7.239
5.305
14.348
7.013
4.059
9.143
7.943
4.853
7.042
3.305
15.623
4.459
11.109
3.979
8.777
3.961
3.790
16.021
16.000
13.714
10.981
17.537
7.172
15.786
20.932
5.396
7.809
3.258
9.676
3.952
4.193
4.638
10.266
13.813
16.039
12.643
10.080
5.821
5.628
6.680
20.531
12.247
4.076
14.825
12.618
4.591
5.425
6.709
7.781
5.817
5.484
12.258
6.507
16.942
15.684
6.970
9.459
6.910
5.968
10.061
5.243
7.967
13.814
5.915
7.049
14.638
4.346
3.557
4.664
5.339
19.649
2.789
14.449
12.888
8.592
3.695
15.115
3.602
3.369
12.127
3.848
11.647
5.671
10.725
7.341
3.822
3.375
2.839
6.671
4.078
4.578
4.202
4.995
10.326
2.870
5.863
6.623
4.656
3.890
9.695
5.042
3.883
4.273
4.242
4.243
7.933
6.636
3.900
5.477
16.637
6.888
21.238
13.823
7.099
4.102
16.736
3.096
9.438
4.302
25.431
17.062
13.349
3.678
10.810
14.451
17.758
3.515
3.687
5.470
4.074
3.683
3.081
7.823
4.976
20.976
6.972
8.192
3.700
3.052
11.788
9.638
8.847
37.014
38.094
16.401
26.840
9.221
46.784
9.839
52.112
47.127
32.161
23.177
9.573
14.856
11.027
19.415
47.028
28.498
40.226
36.880
11.038
12.423
23.881
53.443
51.082
30.565
12.613
36.862
8.032
8.903
58.548
46.356
32.999
25.046
38.663
8.372
15.269
54.379
19.008
46.329
12.376
49.597
39.036
46.831
46.125
43.687
36.439
47.734
29.910
53.249
48.769
34.772
27.342
16.501
50.994
21.453
21.453
47.750
54.964
48.977
33.916
31.199
49.239
28.166
18.408
14.605
9.704
35.066
6.451
8.808
4.731
16.973
7.261
5.470
4.526
5.666
8.544
9.458
11.675
6.318
13.451
42.159
5.557
17.583
11.547
15.927
17.535
17.574
31.714
9.956
48.601
6.057
7.694
9.119
10.615
17.067
67.066
8.954
6.886
5.896
46.606
3.456
7.436
12.313
10.066
14.503
9.847
3.557
7.383
10.035
6.767
3.884
5.008
25.165
40.509
4.967
7.479
11.770
9.375
7.252
4.388
3.950
6.784
10.830
12.265
7.150
19.500
19.500
3.731
8.539
8.947
10.895
14.602
9.527
13.120
17.890
5.652
13.727
6.472
14.410
15.937
3.556
11.000
18.434
26.436
9.747
11.403
6.525
68.167
64.611
6.763
23.045
29.405
6.341
9.945
7.989
9.325
7.827
22.056
67.970
12.023
6.652
39.149
34.125
8.757
16.400
19.500
8.103
4.600
9.253
6.095
5.564
14.383
3.678
3.272
10.926
8.861
9.021
18.593
34.986
15.543
7.700
8.714
6.730
8.022
49.165
65.907
15.186
10.360
7.867
8.336
9.518
11.207
5.947
8.637
6.436
17.481
27.867
12.020
51.209
8.639
50.440
42.603
7.399
19.206
27.149
10.716
13.502
6.742
71.734
11.707
43.455
19.928
19.105
26.784
11.743
14.622
15.172
3.459
7.650
7.067
11.482
12.657
14.614
8.732
46.251
21.118
11.418
10.676
9.217
5.078
49.075
29.906
29.001
49.399
10.572
10.567
6.716
17.267
4.953
10.511
13.953
8.320
7.020
12.610
20.438
18.057
4.849
8.008
11.119
7.585
3.981
16.399
20.165
30.695
14.084
8.312
6.166
11.045
6.583
10.405
10.291
14.826
9.333
15.661
20.994
34.173
11.327
16.359
10.074
17.915
8.287
15.838
4.514
9.724
9.248
13.565
14.368
5.682
8.710
48.151
56.674
9.872
33.618
7.768
9.500
13.424
51.310
34.423
51.009
40.506
29.768
6.196
14.553
21.607
17.762
12.182
6.042
10.929
42.654
36.846
36.037
29.332
16.302
15.800
29.834
34.451
45.814
31.724
13.264
6.060
17.036
9.690
23.984
18.998
9.631
14.331
29.407
27.057
16.204
24.818
37.500
23.527
16.542
9.019
9.709
6.861
49.487
5.640
3.689
7.155
18.835
4.511
6.769
2.936
6.914
3.382
4.342
6.475
6.632
9.427
6.819
3.058
13.222
5.694
6.280
24.209
11.175
13.072
6.839
8.782
8.071
8.316
7.905
11.863
6.475
8.457
7.853
6.990
10.373
3.944
4.141
3.961
50.805
3.959
19.372
5.422
5.858
14.743
44.410
11.055
8.021
17.960
13.906
3.189
8.692
4.394
3.364
21.044
20.977
3.347
7.826
5.356
14.008
14.880
6.135
8.835
6.812
5.530
5.375
6.045
4.564
5.694
19.160
7.930
6.835
8.389
3.759
4.952
6.864
30.744
4.822
4.565
4.975
12.034
19.638
4.110
6.040
6.087
3.790
4.987
22.774
14.858
4.523
6.820
3.703
8.500
6.888
29.448
7.896
7.892
7.879
3.046
3.941
5.856
10.036
5.128
15.896
15.907
10.588
8.493
14.580
10.025
10.681
7.982
7.552
3.567
19.750
28.704
11.556
10.024
20.458
8.656
6.936
22.768
7.267
9.657
24.913
19.168
19.381
7.610
4.209
3.763
4.352
7.504
4.087
9.636
13.897
13.054
5.353
7.121
8.269
5.446
5.045
6.348
12.646
9.738
5.308
4.315
19.931
27.570
11.452
44.729
4.316
35.156
3.333
13.163
14.367
14.594
7.583
24.084
16.247
5.032
5.833
7.897
7.456
11.490
7.105
6.342
8.857
4.640
6.788
8.590
7.004
5.460
6.970
7.072
8.728
5.525
5.543
6.390
3.948
5.964
5.339
5.327
5.748
5.849
4.506
18.152
9.778
20.815
14.139
10.714
13.214
23.537
15.057
20.408
13.692
13.709
19.900
18.674
4.091
26.988
11.864
20.244
7.178
14.383
26.113
14.009
22.236
6.874
15.072
13.915
7.468
10.816
6.729
10.878
9.475
7.611
19.764
9.869
16.284
21.761
7.239
10.734
8.348
16.075
24.401
10.142
12.470
13.414
12.809
9.480
9.090
9.845
15.827
6.480
13.532
14.768
15.571
21.942
6.080
16.118
14.030
7.701
6.540
19.991
8.400
3.681
20.599
9.440
19.070
28.557
11.051
31.488
30.813
12.728
10.929
11.213
9.652
14.235
12.491
15.662
5.545
8.139
5.436
8.065
10.222
5.782
3.669
5.955
4.763
3.805
5.267
4.037
4.195
5.758
4.976
4.224
9.470
8.128
5.751
3.670
6.435
7.269
5.070
20.748
8.270
3.602
4.290
3.267
3.400
7.200
7.974
5.958
8.834
5.021
3.896
5.350
6.877
4.751
10.161
15.982
4.810
3.891
5.324
11.526
4.343
4.373
5.960
9.489
4.595
5.644
2.841
5.421
15.759
4.902
7.855
8.189
5.741
12.558
5.574
2.634
6.635
4.391
7.158
14.439
6.140
6.585
5.852
10.561
5.251
9.313
4.135
4.884
5.747
10.308
18.677
7.552
4.695
3.742
7.620
5.406
5.704
9.918
5.562
9.701
5.031
3.674
4.665
5.302
4.006
5.761
8.757
5.829
3.358
7.336
6.966
10.801
13.228
5.385
5.965
5.774
13.270
7.617
2.644
3.454
3.437
2.858
8.618
5.372
6.446
5.590
5.742
11.532
16.821
5.354
5.533
14.197
5.898
5.064
4.632
9.443
5.275
4.809
3.669
12.264
3.066
5.471
7.403
5.239
13.814
5.539
7.105
5.941
5.021
5.099
8.565
6.030
6.261
4.768
5.062
2.876
6.011
4.062
3.469
12.403
3.238
6.263
6.455
8.836
4.008
3.536
4.783
3.807
7.928
20.701
7.753
3.135
4.075
6.244
4.397
5.013
3.854
2.823
2.831
36.284
39.050
53.140
16.800
12.913
12.991
30.928
10.419
9.269
28.008
47.858
8.157
11.339
13.557
20.345
10.785
33.913
25.502
7.045
9.575
43.179
43.083
45.828
9.631
13.430
6.819
15.776
49.842
17.551
17.133
26.569
52.336
46.640
39.549
16.800
49.819
46.425
48.891
19.397
10.666
27.501
11.871
39.006
15.355
27.778
48.576
28.150
47.211
33.145
23.183
36.385
46.738
49.056
46.745
47.566
43.692
50.606
27.167
9.879
3.561
11.619
17.244
6.182
3.706
19.328
5.593
13.801
7.188
3.979
17.779
3.986
7.936
7.802
5.954
35.732
14.134
6.580
5.359
5.463
8.872
30.703
5.929
6.874
6.962
42.909
20.266
4.667
4.065
4.829
6.518
9.129
12.520
14.349
7.534
5.949
6.614
4.034
5.657
4.973
14.179
8.359
6.038
8.647
8.027
22.449
4.140
10.440
16.387
11.919
4.372
67.817
8.609
9.510
35.674
48.901
12.744
3.741
6.870
61.646
3.854
5.760
6.795
9.502
14.024
20.143
10.240
6.485
8.018
21.000
21.000
21.000
41.570
55.389
11.786
10.143
4.770
10.635
10.680
8.507
9.732
5.549
10.951
8.586
6.615
6.770
14.925
12.547
8.712
13.696
10.640
36.787
38.026
39.337
60.990
61.969
4.263
32.845
49.516
8.097
10.368
12.340
7.939
13.540
12.625
10.275
8.041
9.056
45.495
15.624
15.772
43.922
8.844
8.908
8.924
11.314
6.473
7.155
50.036
5.448
67.358
28.418
18.869
10.456
5.175
54.020
3.770
37.436
30.764
36.575
7.434
3.436
12.742
4.428
28.214
33.716
13.302
47.038
8.051
7.612
39.038
28.917
30.576
65.565
9.905
11.633
7.186
16.800
51.724
9.371
7.680
25.965
28.595
30.101
47.168
51.658
10.944
18.819
7.251
10.233
14.121
9.137
37.459
41.611
43.663
28.238
50.627
5.804
14.435
4.410
10.271
12.820
11.460
11.478
32.881
10.647
58.550
28.980
14.514
14.842
25.401
22.476
50.901
12.382
42.534
7.964
28.418
5.128
14.639
5.828
9.923
13.604
11.544
14.991
4.574
7.145
13.701
12.122
28.428
6.284
9.614
6.762
5.433
5.748
12.825
46.545
7.437
43.757
19.473
8.597
7.322
7.079
27.189
5.169
6.436
8.137
50.355
54.940
29.191
43.485
7.327
44.407
5.884
60.005
8.381
8.634
27.226
53.190
12.228
12.541
5.397
16.704
4.958
4.576
5.382
10.740
6.888
8.974
43.337
18.939
19.505
15.100
30.595
31.808
7.671
13.050
11.603
7.211
66.947
9.206
9.943
15.429
27.898
13.049
29.079
21.805
38.073
10.819
24.676
31.623
9.689
49.846
11.032
6.225
7.333
9.863
5.762
65.037
3.749
8.018
6.654
8.842
10.259
5.789
6.303
3.857
4.184
5.563
5.666
9.259
7.901
12.460
4.885
5.074
19.583
6.438
8.631
11.455
5.068
7.207
8.714
6.164
5.585
7.707
19.716
3.277
4.395
11.539
5.127
8.341
6.408
26.167
36.028
25.404
3.770
7.740
25.449
9.351
16.812
5.934
3.901
26.669
15.938
5.060
22.142
14.582
3.843
16.756
4.059
3.013
4.891
6.115
5.663
10.531
8.134
8.429
5.823
7.104
3.883
4.988
6.798
11.336
10.406
9.445
3.263
7.234
5.592
10.716
14.360
9.557
5.600
11.680
13.199
6.793
7.777
10.836
8.501
4.875
6.315
5.649
5.474
5.545
7.745
10.546
6.468
15.653
7.138
7.325
18.054
9.099
13.140
10.057
4.332
8.401
9.280
17.904
8.386
11.056
9.014
21.357
41.792
11.876
28.028
29.091
10.171
10.929
23.001
6.915
24.509
9.552
10.354
17.750
6.466
6.113
6.278
9.222
5.210
10.118
9.086
5.768
9.205
13.018
14.567
7.121
8.350
5.153
4.088
9.927
5.255
5.344
10.486
11.957
7.273
11.710
12.137
7.652
13.838
6.654
14.827
4.854
4.086
11.810
4.397
17.756
21.991
10.887
4.285
11.635
6.488
9.881
29.582
15.710
5.411
11.572
35.187
29.482
5.659
6.283
5.212
19.072
3.598
26.101
25.557
14.753
7.428
7.830
12.004
7.448
10.312
11.952
7.675
13.540
12.653
4.923
7.121
10.540
12.983
10.194
20.319
4.698
17.185
10.399
8.063
4.969
9.943
5.944
6.100
11.405
6.005
12.600
8.119
23.993
6.617
9.404
3.693
3.754
4.935
7.519
6.442
6.874
6.441
3.433
6.297
6.556
7.832
4.158
3.859
8.465
22.947
6.031
3.855
3.658
5.768
12.005
5.716
4.088
5.254
11.754
5.241
3.957
5.611
4.447
4.498
10.924
5.432
4.537
3.364
3.776
14.425
5.550
18.572
6.933
9.367
7.193
4.640
6.946
4.004
11.265
4.700
5.569
5.992
7.482
7.070
3.356
5.592
5.948
5.053
7.197
5.804
4.277
11.045
7.885
21.194
16.913
6.051
5.143
7.018
11.306
7.666
5.809
5.976
18.591
4.994
10.725
12.232
4.273
6.772
6.370
3.759
14.302
7.442
5.988
5.198
20.813
22.508
10.129
7.918
5.154
3.980
4.456
5.676
10.685
15.595
4.452
8.295
11.477
3.831
5.984
12.093
11.277
9.390
5.089
6.632
3.966
11.860
8.214
5.366
6.287
6.971
8.431
11.308
5.377
10.962
9.073
11.846
15.965
9.129
7.871
14.597
3.203
6.414
17.500
5.264
17.119
16.539
12.966
6.053
9.485
5.299
4.376
15.192
8.122
8.183
4.723
11.463
5.653
7.173
9.943
12.755
4.909
6.234
4.765
5.687
6.623
7.972
6.791
7.667
4.265
8.443
7.374
6.483
9.549
4.256
16.162
8.003
9.998
11.576
8.611
14.227
12.729
4.178
5.309
6.603
5.154
12.860
11.537
3.370
5.354
4.883
5.457
5.463
4.871
2.839
9.118
6.951
5.864
3.851
4.962
9.706
7.750
16.926
4.645
8.104
6.640
5.833
9.124
4.113
13.829
9.600
6.437
21.451
14.117
4.874
17.268
5.581
11.573
13.172
9.168
12.859
6.125
9.121
22.773
5.729
5.113
5.181
11.972
5.210
4.084
3.966
6.795
4.414
16.760
3.350
13.557
10.317
3.245
10.502
5.199
13.790
3.292
9.253
4.438
3.455
8.135
4.480
4.163
12.033
50.224
16.537
70.805
48.280
48.074
56.614
34.483
67.450
50.435
50.004
48.335
43.331
44.908
50.874
4.704
10.085
9.740
11.376
20.865
19.467
45.391
43.980
10.125
5.937
16.366
6.627
11.935
18.714
21.611
13.296
37.647
50.270
12.204
10.532
11.577
24.029
8.347
44.326
30.561
21.580
14.212
62.631
36.162
18.696
48.075
31.554
51.542
61.114
17.751
18.274
9.143
7.946
50.819
20.202
13.724
19.506
18.562
16.093
16.255
20.829
14.676
8.337
18.177
19.959
36.986
60.379
32.066
25.032
19.261
58.835
19.448
28.046
58.105
30.972
24.916
43.938
18.868
18.271
7.507
15.808
14.213
9.835
16.870
11.633
28.356
38.225
16.395
16.469
13.394
19.259
17.367
6.818
9.666
25.293
23.898
32.623
49.045
41.568
51.820
37.498
28.499
29.785
19.613
25.970
4.181
16.895
3.690
24.824
6.362
8.830
42.404
21.200
10.375
20.249
48.501
23.194
18.265
28.904
23.078
28.653
16.131
38.599
35.536
40.358
56.148
18.346
22.617
26.520
13.835
28.302
8.527
27.186
24.991
54.065
19.847
23.157
39.254
13.567
34.916
43.784
9.578
26.944
19.574
19.004
42.212
21.485
45.499
17.805
16.312
27.011
26.944
28.699
31.819
27.149
6.689
37.275
37.343
26.366
28.402
22.140
22.172
25.259
54.779
41.700
9.003
3.942
12.299
12.141
45.649
47.493
50.726
48.068
39.974
19.159
50.727
45.413
52.966
25.457
48.683
26.308
24.735
46.659
21.870
51.548
39.080
15.077
36.371
10.930
19.992
23.102
15.566
49.875
8.919
20.349
30.700
15.486
30.886
11.395
13.776
11.148
43.286
15.354
5.452
9.181
15.155
9.222
4.868
11.275
6.563
9.306
4.868
14.312
7.633
5.962
16.173
22.862
5.991
15.843
9.483
12.591
14.717
17.186
12.646
18.417
11.521
13.903
31.172
6.583
4.633
9.618
14.647
11.928
11.166
16.910
9.192
16.700
21.710
9.999
16.700
13.708
10.914
11.351
16.585
13.534
9.441
4.086
5.351
7.420
5.446
10.651
6.078
5.586
4.807
5.558
5.398
12.430
12.217
5.224
9.554
6.381
6.565
3.862
7.030
7.678
5.723
8.852
10.191
10.786
9.360
9.235
5.430
5.025
7.733
5.459
7.372
8.443
14.269
12.760
15.187
7.819
14.950
6.078
6.575
8.596
4.200
6.259
9.943
5.884
4.942
6.469
7.396
8.969
12.573
6.975
4.841
6.284
13.815
6.849
10.665
12.600
5.473
9.340
7.083
6.866
6.632
8.350
8.371
3.504
11.077
4.197
9.989
8.631
9.632
8.148
7.167
5.702
6.753
6.141
23.416
20.669
5.541
10.066
7.484
9.588
12.214
8.045
9.477
4.291
8.833
9.281
10.322
11.607
8.871
9.833
8.220
13.047
10.282
6.200
16.700
10.356
5.704
6.452
11.802
5.866
17.857
21.278
4.607
7.666
7.430
5.636
8.712
7.925
7.622
5.652
6.002
15.052
9.996
5.300
11.776
6.069
10.203
10.577
5.656
10.986
17.476
4.177
10.204
3.513
11.167
13.377
13.830
6.153
5.648
16.700
8.038
13.500
16.301
5.222
16.889
7.488
7.629
4.549
11.511
13.080
6.207
5.760
5.943
5.283
6.055
8.803
4.912
4.319
8.221
17.459
10.354
5.393
3.776
10.084
10.463
7.202
12.038
13.520
5.385
10.266
9.009
6.035
11.070
5.660
25.276
6.146
12.144
8.918
5.525
5.247
3.059
23.435
2.768
3.846
6.858
13.093
12.758
6.254
8.268
5.581
4.134
16.204
20.196
3.768
4.647
18.133
9.147
5.869
15.111
10.740
10.765
9.241
12.128
13.798
10.039
10.154
11.849
14.236
3.807
18.898
4.797
4.006
5.941
4.413
5.926
12.641
11.191
11.448
5.795
5.987
16.856
7.884
6.642
12.440
5.864
13.705
12.569
11.946
11.621
13.436
12.746
4.562
13.151
6.252
15.775
6.889
13.564
9.631
6.411
11.880
6.545
5.765
5.508
7.980
6.147
8.084
5.379
6.924
5.974
8.697
9.299
8.920
7.251
6.521
8.902
15.653
12.557
8.924
3.781
7.115
6.063
5.695
6.042
3.666
13.110
7.310
12.168
11.818
9.071
13.044
17.935
8.340
14.185
8.192
20.699
9.748
9.414
8.559
4.248
9.655
5.432
6.114
4.736
6.358
5.661
9.256
4.952
6.052
6.070
5.064
4.692
11.137
8.458
12.322
10.493
31.503
6.832
9.697
8.926
10.485
7.511
10.570
5.707
4.149
4.700
4.782
4.063
6.491
7.729
6.398
5.469
4.575
7.313
4.044
5.831
10.196
6.510
10.529
4.194
5.110
5.254
6.299
4.084
4.199
6.092
5.681
6.989
6.362
9.479
4.539
5.761
14.585
7.863
3.787
5.708
2.432
3.867
11.646
3.532
4.998
17.068
5.700
4.619
5.265
7.349
17.713
5.928
4.743
4.346
9.280
9.427
3.603
8.464
3.962
11.865
3.587
10.486
4.940
3.143
8.189
4.568
4.025
4.363
4.252
7.267
13.825
3.354
5.913
10.460
9.118
8.034
3.680
4.156
6.312
15.502
4.857
12.439
3.557
9.762
4.773
5.903
6.063
5.956
9.106
4.768
11.188
5.325
4.494
10.462
3.696
4.189
7.827
8.210
15.386
4.796
4.551
7.743
4.845
8.644
5.852
6.803
8.062
3.651
4.213
4.342
6.070
6.402
3.884
6.938
4.487
8.014
11.394
2.731
8.978
7.740
5.592
3.797
8.719
6.089
3.672
6.352
13.840
2.849
5.311
8.497
3.962
4.572
4.457
10.106
4.684
8.182
3.262
3.401
4.725
4.261
7.070
6.575
4.386
5.190
4.276
5.276
3.835
3.792
6.822
5.633
4.723
4.677
3.449
4.147
5.804
4.114
3.832
3.651
4.027
4.531
3.772
7.321
8.265
6.438
9.336
4.459
12.912
5.067
9.681
5.386
7.237
10.202
3.834
6.737
11.814
8.198
16.021
9.285
4.844
3.292
12.826
3.858
3.662
3.752
6.443
7.754
4.501
4.675
2.980
5.273
8.413
14.131
3.259
3.797
6.962
10.590
2.704
3.768
3.976
4.885
3.267
3.576
8.457
4.097
3.052
5.439
3.500
3.383
2.747
4.700
3.048
6.555
2.929
4.628
2.864
5.024
40.708
46.743
49.008
53.416
33.408
25.773
32.145
33.420
60.538
33.945
68.153
34.719
38.545
23.969
70.627
30.606
51.263
69.597
69.176
69.655
29.601
48.297
59.826
32.441
10.119
51.343
42.720
59.062
47.901
20.334
33.413
30.505
32.864
52.490
64.519
35.730
33.523
30.204
47.211
34.809
29.601
66.731
55.923
58.411
11.043
50.022
6.228
8.720
15.192
22.331
8.876
16.002
12.731
36.368
15.208
31.670
34.764
25.173
26.445
13.126
9.952
24.847
30.424
37.493
13.433
36.773
29.600
30.769
24.555
15.355
12.283
37.405
51.136
55.423
31.463
30.835
35.047
50.628
57.007
49.126
50.850
54.291
25.650
11.403
51.355
13.241
27.867
52.671
38.360
3.868
9.935
13.225
20.894
5.365
44.025
10.277
20.200
6.292
7.630
6.860
21.625
7.660
17.761
18.533
3.653
12.631
7.886
6.688
39.343
16.962
9.042
14.009
6.454
6.845
18.955
7.678
7.316
5.284
7.643
6.789
9.331
16.149
5.742
17.207
7.660
21.381
19.754
14.309
11.031
5.188
5.704
9.505
4.957
17.211
21.146
7.289
51.403
10.967
47.714
8.164
5.788
8.245
6.462
24.094
49.232
53.701
15.608
17.687
4.278
6.634
16.027
10.824
22.750
4.524
24.624
5.061
13.412
12.815
27.638
10.022
18.229
10.332
36.638
26.087
35.623
11.297
8.718
13.532
17.253
11.424
10.444
52.070
12.685
13.771
22.030
24.336
29.962
15.286
20.315
23.904
26.084
9.461
7.749
4.670
14.277
9.776
7.173
7.508
10.884
33.181
4.545
14.940
33.522
19.012
28.958
27.915
11.511
36.243
13.927
51.042
13.119
29.264
28.998
9.624
20.660
39.570
18.670
32.656
26.171
46.197
7.388
6.321
16.887
31.807
16.926
8.891
16.045
6.596
11.668
7.842
15.161
16.386
9.456
18.246
5.048
34.680
7.046
6.411
48.758
13.020
18.964
17.356
19.446
11.062
5.350
10.617
8.226
10.784
6.185
13.118
4.171
9.098
12.750
10.274
5.486
12.792
9.052
7.172
20.968
12.987
10.873
9.779
7.716
3.588
10.890
10.649
4.795
7.445
11.787
10.604
9.337
12.329
12.781
3.975
4.226
4.055
16.512
13.302
3.486
5.520
6.016
4.960
5.779
11.200
6.484
7.973
10.584
6.152
3.561
8.896
3.883
5.857
6.328
3.786
8.230
9.251
5.187
4.287
6.714
6.216
10.646
10.439
9.505
3.985
9.284
8.832
7.085
17.675
9.861
11.549
6.059
6.946
9.339
11.270
15.514
8.347
9.659
7.873
12.870
6.028
5.686
9.188
12.042
13.400
4.767
3.762
5.328
5.384
17.047
5.453
8.393
10.331
9.365
11.863
7.680
14.455
6.005
19.628
4.206
16.044
18.893
4.487
13.244
9.078
8.083
14.400
5.609
8.506
14.068
12.938
20.544
4.146
8.375
10.369
4.533
9.753
13.240
3.928
12.229
5.491
7.882
11.527
2.530
4.585
13.807
6.847
8.521
11.036
13.151
4.597
4.045
11.561
14.004
12.292
5.030
8.231
13.160
8.409
8.819
8.135
7.093
9.840
15.504
4.395
5.456
5.825
6.873
11.063
8.423
8.644
7.630
9.456
28.159
17.504
15.530
12.951
5.806
7.513
11.661
7.945
24.195
8.857
8.302
8.373
20.733
13.031
7.990
9.657
8.038
11.229
5.156
4.518
6.794
4.291
2.764
17.746
14.768
5.581
4.813
5.359
5.564
5.277
4.652
5.419
8.687
5.935
5.948
10.252
9.686
8.563
5.790
7.734
9.038
12.083
9.860
3.377
8.065
6.113
9.495
16.225
9.652
13.739
5.394
7.619
5.767
5.489
4.366
7.069
5.419
12.974
14.313
10.257
4.374
9.663
9.814
4.243
7.403
15.899
8.143
11.167
22.031
19.783
16.656
16.013
7.300
15.601
11.549
14.789
11.293
10.880
18.705
5.436
5.941
4.554
7.370
6.113
7.890
22.331
13.359
5.241
5.149
7.720
8.726
6.839
5.414
3.888
5.657
4.672
6.951
6.682
16.664
5.045
4.237
4.672
9.441
7.402
4.634
6.224
8.044
5.718
4.875
3.667
6.790
4.682
5.130
9.746
3.970
9.671
4.402
5.207
3.380
3.687
4.191
4.273
7.663
6.063
13.262
5.276
11.525
4.753
7.070
5.833
8.234
6.544
20.960
13.312
5.220
7.358
4.108
4.940
9.937
6.249
7.116
11.576
4.505
6.869
6.666
5.284
5.453
7.563
7.045
5.195
3.084
8.765
5.081
3.262
6.454
5.794
8.030
10.120
7.498
17.877
8.765
8.708
14.978
11.813
4.779
7.715
4.679
8.974
5.740
8.558
6.517
15.907
6.157
4.704
7.072
14.465
4.938
5.938
7.580
5.990
4.305
6.153
7.301
6.400
9.583
6.608
5.371
10.626
5.401
4.641
5.719
14.991
3.944
6.610
6.826
7.854
4.535
3.582
15.116
3.668
4.960
15.290
5.753
15.937
9.119
6.243
12.050
8.399
8.892
7.371
9.771
8.721
6.978
4.035
5.813
4.493
4.310
3.659
3.692
3.865
6.093
16.764
4.374
5.194
4.590
10.834
4.810
8.531
7.968
10.412
6.278
7.799
4.248
6.658
5.782
4.077
5.871
5.971
3.253
12.303
12.271
4.304
8.419
3.268
6.388
5.691
4.888
3.875
4.994
10.089
4.452
4.698
4.969
3.451
6.732
6.287
10.859
4.257
4.490
4.468
7.367
7.102
5.135
2.656
6.532
5.429
4.821
3.994
4.133
3.348
5.968
4.200
8.876
10.612
5.246
6.413
5.389
3.470
4.766
6.206
9.565
4.453
26.395
4.899
4.995
4.447
3.896
7.600
18.432
5.995
4.791
3.473
5.527
4.957
4.715
6.155
3.571
19.036
5.082
4.246
4.249
5.371
5.844
13.412
14.041
6.719
15.344
5.659
5.961
3.668
8.561
7.755
5.921
9.230
16.128
3.589
2.800
5.153
8.028
17.285
5.772
12.304
5.618
5.882
4.788
6.890
14.988
9.546
5.082
11.600
4.161
3.972
7.845
9.793
8.049
7.477
3.607
11.045
16.733
20.847
17.619
8.569
9.070
12.101
6.029
22.823
4.353
13.649
8.641
7.438
5.143
9.904
7.016
13.350
10.472
9.490
3.805
12.989
8.228
11.061
4.637
10.046
