8.600
42.955
14.250
12.883
16.925
17.550
0.784
17.049
19.103
25.825
5.116
12.673
4.909
22.675
5.263
26.015
6.536
27.174
16.241
10.381
5.590
17.286
8.421
10.135
7.413
17.027
23.678
12.316
26.934
22.696
10.329
18.401
11.884
21.331
19.357
16.004
12.814
9.725
16.751
5.800
27.638
19.836
4.714
22.345
21.666
10.049
39.078
21.490
17.877
31.082
15.197
29.388
15.781
3.952
9.024
17.983
10.605
27.424
13.353
9.552
21.428
12.407
3.337
12.629
6.624
15.137
7.962
0.764
10.810
22.027
14.876
11.214
11.869
15.580
2.016
18.094
7.787
34.080
10.106
15.467
31.684
26.656
25.151
44.111
37.537
7.414
6.071
13.733
1.353
17.742
23.052
8.873
15.232
22.405
30.892
14.543
18.712
8.284
4.139
22.087
10.621
27.661
8.668
17.068
22.596
7.187
17.285
7.169
16.276
2.068
19.625
29.430
23.569
8.191
11.981
11.643
21.329
0.325
11.427
11.523
13.903
0.433
1.886
9.689
0.102
23.539
0.323
8.866
2.612
2.776
13.951
30.509
12.862
14.571
11.378
6.700
20.171
2.737
6.927
25.884
5.913
10.737
0.107
35.241
25.693
6.818
3.387
4.893
4.442
3.525
5.809
8.610
6.637
1.645
15.175
20.405
14.823
15.266
10.381
12.037
12.221
18.572
2.727
2.487
3.033
5.176
20.827
29.551
5.001
11.879
28.730
3.189
14.515
42.066
29.957
7.277
29.998
10.438
5.954
1.216
27.590
20.652
16.081
4.256
11.166
10.605
0.209
3.413
2.977
21.078
18.162
24.308
21.522
26.362
17.388
11.269
13.380
25.418
6.326
24.921
23.108
4.477
13.981
15.571
17.832
2.083
26.015
22.255
31.585
4.650
7.943
9.769
7.472
10.931
22.124
11.384
24.613
11.557
6.830
8.901
3.957
11.693
20.712
25.956
36.216
10.220
9.959
14.360
13.263
4.120
21.856
9.998
13.339
16.657
11.259
9.443
18.307
13.849
6.531
13.772
15.374
6.528
15.444
20.907
18.677
9.092
17.347
9.462
14.797
8.505
27.200
5.632
7.107
15.521
20.025
25.406
17.323
15.508
1.414
5.407
6.002
5.492
6.985
8.532
10.018
4.432
7.783
6.063
3.112
3.875
16.386
7.480
5.249
16.792
2.529
0.630
2.308
1.291
3.650
7.853
9.404
1.106
2.032
5.207
3.466
2.122
7.173
5.391
14.273
8.793
8.529
1.874
5.543
0.754
8.530
6.553
3.736
0.105
0.312
0.754
0.102
0.690
0.322
0.986
0.214
0.880
0.789
0.888
5.371
0.337
0.205
5.480
1.325
7.801
0.111
17.039
3.440
1.388
8.374
8.097
17.889
13.839
14.532
15.732
6.252
12.386
14.802
1.502
9.821
14.579
5.083
4.293
6.005
6.302
12.655
0.102
3.592
2.812
3.497
4.967
5.162
5.839
12.573
0.733
3.563
5.375
2.377
2.570
5.553
7.761
5.058
0.957
0.525
5.475
7.150
10.530
8.296
7.561
4.955
14.267
10.759
7.832
7.847
4.553
2.204
12.458
6.118
3.428
3.055
17.684
7.430
8.835
6.805
6.604
2.268
7.303
3.160
1.736
7.018
6.100
2.283
3.765
5.603
4.605
1.752
2.043
1.499
1.077
2.044
1.991
2.877
2.321
4.152
1.132
0.900
1.800
5.710
4.430
0.555
0.792
2.220
3.204
2.587
2.760
2.818
0.101
4.122
1.271
1.552
4.944
5.401
0.216
3.156
6.037
2.723
0.632
1.028
0.748
0.420
0.220
0.102
2.754
0.613
3.715
0.685
0.218
2.037
4.181
1.639
1.704
0.539
0.122
0.806
0.463
0.543
2.055
0.736
1.773
2.515
0.448
0.797
0.434
2.531
0.525
0.520
1.654
0.703
1.234
0.307
1.100
0.760
0.204
0.211
0.540
0.208
0.203
0.335
0.109
0.516
0.319
0.572
0.103
1.114
0.119
1.173
1.139
0.910
0.688
0.612
2.100
0.541
1.274
3.968
0.739
0.994
0.441
0.328
0.211
0.326
0.202
0.536
0.362
0.527
1.723
1.239
0.226
1.218
0.328
0.229
1.189
0.302
0.212
2.081
1.050
2.858
1.516
1.696
3.826
3.689
0.669
0.425
0.313
0.308
3.273
0.641
0.217
0.101
1.205
0.101
0.680
1.833
3.007
0.947
0.528
0.424
0.892
0.686
0.328
0.944
1.331
0.104
0.473
0.353
0.210
0.214
0.591
0.517
2.569
0.944
0.214
0.432
1.536
1.025
1.310
0.616
0.137
0.349
0.112
1.089
1.186
1.474
0.224
1.003
0.416
0.118
0.114
0.101
0.879
0.217
0.103
0.103
1.872
0.231
0.215
0.657
0.360
0.207
0.211
0.348
0.513
2.812
0.213
3.514
1.080
0.510
0.388
0.416
2.512
0.332
0.655
0.433
2.889
0.105
0.106
0.319
0.201
0.123
0.924
0.830
0.498
0.320
0.102
1.584
0.129
0.546
0.751
0.448
1.075
0.117
0.511
0.620
0.646
0.265
0.109
0.908
0.101
0.428
0.316
0.101
0.655
0.125
0.707
0.583
0.104
0.111
0.739
0.314
0.558
0.328
0.102
0.453
0.443
0.101
0.202
0.207
0.309
0.272
0.108
0.318
0.206
0.410
0.321
0.310
0.445
0.416
0.106
0.319
0.209
0.809
0.535
0.202
0.205
0.603
0.421
0.206
0.224
0.326
0.231
0.206
0.103
0.208
0.315
0.101
0.320
0.200
0.568
0.112
0.204
0.235
0.101
0.448
0.421
0.448
0.218
0.101
0.107
0.203
0.214
0.100
0.249
0.363
0.103
0.103
0.101
0.101
0.213
0.119
0.114
0.101
0.213
0.107
0.207
0.100
0.105
0.104
0.201
0.117
0.313
0.101
0.100
0.281
0.108
0.240
0.100
0.101
0.119
0.103
0.218
