100009606
100009665
100033418
100033603
100033800
100033820
100034743
100037417
100049613
100049614
100101933
100113373
100113381
100113400
100124332
100124402
100124540
100126296
100128030
100128055
100128131
100128295
100128320
100128333
100128348
100128525
100128560
100128579
100128646
100128697
100128772
100128811
100128853
100128875
100128958
100128960
100129171
100129234
100129269
100129332
100129418
100129518
100129570
100129595
100129654
100129676
100129690
100129717
100129885
100129924
100129947
100129948
100130048
100130170
100130255
100130274
100130307
100130388
100130436
100130500
100130746
100130799
100130820
100130827
100130887
100131041
100131124
100131199
100131205
100131244
100131263
100131338
100131442
100131451
100131478
100131608
100131624
100131625
100131626
100131773
100131788
100131863
100131907
100132348
100132368
100132400
100132597
100132609
100132659
100132762
100132764
100132808
100132842
100132929
100132993
100133093
100133142
100133251
100133257
100133330
100134391
100134938
100135064
100144631
100147753
100147811
100147825
100147831
100151668
100151669
100151685
100169837
100170646
100187701
100189044
100189054
100189175
100189191
100189253
100189265
100189309
100189461
100189475
100190949
100192388
100216488
100216544
100270753
100270845
100270855
100270875
100270890
100270891
100270955
100270984
100270998
100271016
100271044
100271058
100271064
100271069
100271082
100271100
100271116
100271124
100271153
100271185
100271191
100271211
100271216
100271241
100271276
100271288
100271301
100271327
100271331
100271334
100271372
100271379
100271396
100271458
100271506
100271512
100271534
100271535
100271594
100271607
100271871
100271927
100286906
100286914
100286932
100286979
100287033
100287140
100287367
100287399
100287419
100287428
100287472
100287498
100287613
100287680
100287806
100287887
100287898
100288034
100288073
100288312
100288333
100288406
100288416
100288443
100288470
100288513
100288527
100288619
100288690
100288703
100288742
100288797
100288917
100289017
100289060
100289087
100289124
100289145
100289184
100289191
100289200
100289238
100289280
100289287
100289424
100289488
100289579
100294276
100294512
100302126
100302129
100302143
100302150
100302182
100302190
100302222
100302273
100302743
100310846
100310847
100310849
100310853
100312808
100312822
100313781
100313783
100313812
100313841
100313859
100313887
100313895
100313905
100316904
100328982
100379378
100381202
100381208
100421820
100422842
100422844
100422872
100422879
100422885
100422890
100422906
100422910
100422935
100422949
100422955
100422961
100422991
100423004
100423008
100423009
100423025
100423062
100431172
100462799
100462824
100505385
100505502
100505503
100505593
100505621
100505741
100505818
100505852
100506012
100506074
100506118
100506127
100506193
100506250
100506634
100507352
100507444
100526760
100526767
100526772
100526773
100526825
100528016
100528020
100528064
100529251
100532737
100534593
10355
10596
10819
10867
112846
114181
114182
118461
123787
137
137814
140692
140748
140754
145989
1485
148638
150928
152667
1531
153842
153893
1568
157278
157317
158078
192217
200575
2025
220786
222901
2265
23275
23679
23752
23772
253314
254552
255308
255809
257468
25812
259293
260339
26514
266643
266656
26687
26719
26789
26791
26826
26834
26835
26838
26856
26871
27321
2751
28304
283075
283110
283747
283971
28404
28411
28417
284355
284577
285173
2856
285629
28571
285849
286310
28637
286480
28784
28810
28834
2884
28850
28870
28997
2989
3124
3129
3139
317686
317730
319128
319133
326594
326617
337873
337874
339010
339184
339453
3424
342808
342850
342865
343472
344787
347097
347119
347454
347517
347975
349334
3515
3523
3530
353142
353333
3538
3539
359736
359740
360165
360171
360181
374677
374872
375601
377841
378819
386627
386674
386677
386679
386746
387044
387100
3873
387553
387712
387763
388078
388237
388324
388336
388468
388514
388551
388559
388611
388931
389180
389197
389422
389472
389611
389761
389813
389816
389901
389976
390134
390166
390231
390378
390403
390432
390441
390531
390766
390894
390992
391040
391092
391102
391139
391367
391538
391584
391746
392008
392188
392242
392256
392360
392387
392517
3947
399473
399888
399965
400121
400224
400957
401131
401399
401447
401498
401637
401692
401934
402069
402207
402359
402375
403226
406875
406975
406987
408029
408188
414132
414133
414152
4182
431705
440159
440243
440297
440353
440517
441056
441066
441347
441381
441459
441501
441630
442017
442266
442338
442389
448991
4490
4503
4553
4764
494323
497190
503612
503631
503641
503643
504175
50631
51171
5282
54030
54035
54049
54051
5483
548593
550644
554045
560
56664
573971
574040
574508
58163
600
601
6033
60358
6085
6090
6145
619553
619567
619570
619571
641379
641516
642204
642278
642423
642425
642489
642517
642592
642658
642692
642812
642952
642968
643043
643161
643162
643172
643327
643339
643342
643542
643596
643615
643853
643905
644054
644743
644974
645078
645121
645161
645175
645251
645266
645402
645436
645587
645619
645691
645834
645836
645980
646000
646174
646201
646274
646309
646430
646446
646505
646643
646981
647286
648343
648791
649166
650901
653045
653125
653259
653269
653333
653375
653380
653420
653505
653543
653544
653545
653548
653689
654320
677759
677770
677798
677812
677814
677825
677834
677847
677882
6818
692072
692094
692157
692196
692199
692201
692213
692224
692232
693126
693133
693185
693194
6960
6974
6976
6984
6985
7118
7196
7198
7207
724
7275
727799
727838
727857
728045
728066
728071
728097
728106
728132
728137
728255
728378
728395
728403
728410
728447
728495
728590
728597
728602
728619
728710
728813
728989
729057
729123
729218
729275
729384
729428
729438
729516
729681
729747
729780
729838
729879
729956
729992
729993
730159
730213
730291
732265
7339
75
780851
7824
790968
790969
791226
79274
79289
79334
79346
79482
80726
80866
81169
81176
81193
81228
81315
81330
81431
81458
83740
8389
8391
8495
85295
85348
85349
87688
91978
92755
9292
10
100033395
100101115
100124533
100126299
100126327
100126349
100127924
100127999
100128042
100128043
100128233
100128362
100128437
100128467
100128477
100128546
100128601
100128745
100128888
100128894
100129017
100129180
100129394
100129409
100129708
100129731
100129844
100129982
100130197
100130386
100130497
100130627
100130913
100130972
100131035
100131084
100131206
100131257
100131515
100131589
100131607
100131761
100131874
100132774
100132857
100132917
100133235
100133284
100133286
100133307
100134822
100137047
100144494
100147746
100158262
100169835
100169890
100189010
100189030
100189439
100216507
100217367
100233146
100240713
100270878
100270896
100270904
100270923
100271020
100271098
100271143
100271157
100271160
100271178
100271206
100271274
100271279
100271349
100271381
100271394
100271398
100271424
100271470
100271471
100271508
100271717
100271870
100272169
100287229
100287382
100287880
100288170
100288177
100288425
100288504
100288511
100288637
100288695
100288853
100289222
100289450
100289511
100302133
100302191
100302214
100302219
100302276
100302279
100302741
100312806
100313778
100313918
100313926
100313962
100379288
100420370
100420557
100431168
100462790
100462836
100462843
100462851
10187
116809
120528
140772
140879
144638
145499
155019
161342
170503
170527
171416
1817
191586
246754
256880
260340
260341
266920
26801
26802
283014
283299
28346
285690
317726
337981
339970
345643
347281
347509
347707
348162
360158
386665
387554
387841
388112
388572
390581
390660
390937
391174
391747
391766
392140
392313
392352
392540
392557
399520
400650
400860
401082
401602
402269
402408
402509
403241
406884
406913
406915
414131
414134
414316
439945
441155
441218
441811
442060
442153
442712
442890
54082
553117
574444
6172
642441
642590
643609
643723
644129
644166
645345
645388
645441
645503
645857
645899
645930
645931
646034
646127
646164
646927
647307
648315
652990
653156
653162
653214
65944
693206
693220
724022
728054
728127
728134
728365
728470
729254
729257
729610
729666
729769
729815
768218
81406
81479
91219
100113374
100113375
100113397
100126343
100126572
100126825
100127949
100128002
100128006
100128054
100128075
100128077
100128117
100128170
100128171
100128218
100128319
100128345
100128372
100128377
100128430
100128465
100128537
100128637
100128639
100128726
100128740
100128795
100128863
100128905
100128930
100129009
100129042
100129284
100129319
100129373
100129401
100129483
100129552
100129573
100129611
100129742
100129744
100129813
100129996
100130014
100130029
100130121
100130231
100130259
100130279
100130313
100130391
100130451
100130455
100130485
100130572
100130607
100130714
100130801
100130873
100130907
100130983
100131069
100131188
100131469
100131481
100131617
100131736
100131810
100131846
100131890
100131946
100131983
100131990
100132009
100132037
100132053
100132108
100132376
100132673
100133031
100133037
100133050
100133077
100133124
100133160
100133162
100133206
100133211
100134869
100144878
100147757
100147768
100147816
100147833
100151651
100151658
100151680
100169834
100169881
100188945
100188994
100189000
100189015
100189036
100189043
100189208
100189217
100189313
100189323
100189333
100189384
100189404
100189406
100189446
100189494
100189524
100240707
100270755
100270790
100270825
100270827
100270828
100270832
100270870
100270881
100270882
100270885
100270886
100270900
100270911
100270917
100270939
100270941
100270957
100270965
100270971
100271011
100271014
100271018
100271039
100271080
100271090
100271094
100271104
100271118
100271127
100271137
100271138
100271145
100271146
100271151
100271176
100271184
100271186
100271189
100271196
100271198
100271215
100271231
100271239
100271292
100271313
100271319
100271323
100271338
100271347
100271352
100271391
100271397
100271400
100271423
100271486
100271491
100271511
100271513
100271567
100271574
100271600
100271616
100271618
100271656
100271836
100271842
100286964
100287087
100287110
100287164
100287177
100287335
100287375
100287410
100287576
100287765
100287822
100288035
100288227
100288254
100288271
100288371
100288405
100288449
100288503
100288584
100288719
100288814
100289102
100289176
100289220
100289274
100289585
100289605
100289643
100302115
100302130
100302132
100302155
100302158
100302171
100302200
100302223
100302239
100302291
100312804
100313830
100313852
100313858
100313881
100313893
100313901
100329108
100379291
100379300
100379584
100379663
100381178
100418724
100421058
100421648
100422200
100422343
100423061
100431177
100462880
100462953
100462985
100462986
100499194
10062
10161
10186
1029
10312
10417
10544
10834
11007
11033
11040
1107
11186
11278
115701
117581
117854
118788
123355
1289
1292
130700
140829
147965
150372
154449
154810
158781
1643
164668
165215
1687
170548
1902
1958
199745
200942
220323
221547
2232
2239
22861
23475
23526
24147
246717
254428
25907
25960
26086
2619
2625
266785
26680
26796
27122
27433
281
28231
284593
285180
28568
286191
286423
28952
29108
29126
2970
30008
317684
319143
326272
326320
3371
337875
3384
338470
338870
341604
3430
344320
347363
348
348021
348249
349198
3500
3566
3576
359762
359767
360227
3614
3635
3755
387509
387934
388022
388159
389053
389333
390003
391019
391073
391121
391124
391151
391672
392282
3932
399968
400156
401959
402057
402176
403299
406901
407032
407054
414135
4296
4313
439915
440575
441511
441884
442167
442192
442211
442253
4794
4817
4851
4854
4938
4939
4943
5002
5095
53410
54075
54436
553121
55615
55624
5579
55902
574441
574507
5754
59339
5971
6195
619556
64175
642335
642443
642740
642892
643496
643863
643976
644000
644020
644059
644435
644625
644776
644893
645360
645369
645506
645646
645998
646330
646597
646696
646766
646875
646892
646912
646949
646970
647085
647132
6494
651644
651714
652170
652959
653553
653658
653789
6799
692093
692111
692209
692210
693128
693138
693175
693186
693212
7002
7116
7130
715
718
7188
727686
727910
728064
728350
728433
728549
728851
729079
729530
729708
729779
729816
729909
730100
730177
730196
731282
731308
7456
751602
753
7737
80221
80820
81109
81153
83543
83982
84875
84936
84952
8514
85450
85508
864
8644
8681
8744
90353
91768
9235
93058
9452
9466
9546
972
976
100130311
1002
10082
10085
10090
10174
10234
10398
10439
10458
10468
10516
10529
10570
10630
10631
10656
10741
11149
1123
112399
11247
11328
114884
1152
117583
118812
121227
122622
125058
1268
1272
1281
1285
1287
1288
1291
1295
1305
1307
133060
138162
1410
1435
143570
146167
1474
1499
150921
150946
151313
152302
153571
153572
158471
1613
166336
170394
1743
1745
1756
1759
176
1793
1829
1837
1910
1951
196051
199731
20
2002
201232
203238
203286
2043
2065
2066
2137
2152
219
2191
2192
220
2201
221336
221935
22795
22801
22871
22873
22924
22941
22943
2295
2297
23024
23037
23038
23051
23059
23085
23093
23114
23154
2318
23194
23208
23236
23239
23254
23255
23266
23286
23314
23336
23414
23432
2348
23544
23576
23641
23677
253769
257194
25822
25878
259217
25925
25943
26002
26018
261729
2624
26585
2683
2697
27164
2743
2768
2817
2824
283149
284207
284252
284467
286527
288
2919
29775
29995
3073
3084
3141
3215
3216
3217
3321
3338
338761
339983
340719
343066
345079
347733
3485
3486
352954
357
3589
3624
3643
3656
367
3679
3690
3691
3696
376267
3778
3797
3801
3855
387640
3897
390664
3910
3931
399665
400591
401474
4016
4017
4035
4037
4059
4091
4133
4135
4147
4166
4237
4291
4320
4323
4325
440498
441425
441430
445328
445577
4489
4649
4684
4739
4856
4862
4897
4916
4921
4978
4982
5046
5069
5101
51083
51148
51196
5125
51477
51540
51665
5167
51676
5296
5318
5332
5360
5362
5364
54206
54805
54806
54898
54972
55022
55033
55205
55214
55816
55861
5587
5646
56937
56975
57158
57216
5740
5742
57447
57492
57507
57554
5764
57685
5784
5787
5789
5793
5800
5801
58525
5947
5999
6002
60370
622
627
6297
6299
633
636
6376
6405
64399
644172
64423
6447
645037
6497
65009
6505
6507
6533
655
6560
6567
6575
65997
6616
6662
6664
6695
6764
6857
6876
6926
6942
7010
7020
7039
7041
7058
7070
728239
729396
7345
7424
7436
7461
7475
7703
784
79047
79191
79366
79586
79776
7980
79932
80176
80206
8038
81563
81849
8322
8324
8325
83439
83700
83756
83856
8412
84231
84501
8460
8470
84706
84879
84894
84900
84902
84926
8503
8522
85360
8577
8745
8817
8945
89795
90113
9037
90874
90993
91975
9241
92521
9353
9369
9374
9399
94027
9415
94274
9462
9469
9479
9510
9524
9672
9732
9760
9771
9788
9811
9828
9886
9900
9902
10046
10129
104
10418
10451
10505
10815
10838
10846
112464
113189
113791
114801
114803
115361
115362
116535
120224
122481
123228
126272
1267
1278
127845
1296
129607
130026
1303
130367
131405
132789
135398
1379
138311
139065
140862
143686
147645
148362
148418
150483
1513
151887
152273
158880
162494
1634
166012
167691
169792
1741
1789
1832
1879
1901
2047
2115
219285
221002
221092
222171
222223
222389
23213
23229
23365
23452
23621
23768
24138
255231
255394
257044
25766
25827
25895
25900
25927
25989
26052
26353
2678
26960
27106
27185
27303
27345
2771
2791
282974
283070
283078
283417
28514
285195
285382
286077
286097
286186
286205
286319
287
28986
29801
2983
3339
339122
340526
340529
342897
345778
3631
3673
3730
3757
378807
387119
387357
387778
388406
388759
389206
389337
3914
3993
401494
401563
407975
4130
4293
4300
4345
440270
441027
441094
441108
4487
4629
4782
4915
4919
50863
5098
51062
51063
51101
51422
5150
5156
51661
5168
5243
5325
53335
5396
54331
54492
54510
5463
54756
54796
55084
55117
55137
5534
55691
55809
5590
56114
56135
56172
56243
56288
56654
56776
56944
56967
56999
57007
57125
57134
57475
57482
57569
57616
57631
59
59084
59271
60468
6095
63977
64094
6423
642843
64342
65258
653121
654346
6622
6919
6932
7216
727936
728264
730130
7776
79070
79656
79712
79772
79827
80014
80818
8082
81035
81493
81615
81704
81706
83468
83595
83690
83693
83716
8395
84100
84181
84220
84251
84327
84445
84451
84624
84627
8463
84662
84856
84858
84861
84868
84870
84898
84939
84969
85027
85301
85358
85395
85458
85461
8609
862
8671
8777
8831
8924
89780
89927
90527
90627
9079
90952
91461
91526
91862
9201
92979
9331
9372
94032
9580
9603
9682
9734
9750
9823
9945
100129408
100132874
100499193
10749
108
11092
116835
120863
121643
123872
124402
124602
124925
126432
127428
127579
127731
128853
136853
138715
1442
145581
158248
162515
163154
169044
201164
2041
2100
220136
221937
23559
23732
24139
255352
255877
256297
256933
25981
260429
26579
266722
26804
28424
285220
285755
285971
29937
29944
3039
30818
30835
338917
340665
347741
348180
3700
374875
3758
3817
387733
388591
389791
392255
4009
401433
401827
441250
441268
441818
5141
53905
54507
54863
54997
55036
5522
5727
57540
58510
5956
606551
6208
64072
643669
643836
645528
647024
64753
64839
6530
677836
7148
7335
7780
80036
80325
80326
80835
816
81848
8343
8367
83933
84826
85376
8541
90134
90827
9253
93611
9662
10002
10004
100113384
100128893
100130449
100132215
100132285
100132529
100137049
10022
10040
10045
10047
10050
1006
10071
10077
10107
10110
10124
1014
10148
10156
10163
10178
10188
10202
10215
10218
10220
10231
10235
10246
10267
10268
10272
10278
10279
10287
10290
10297
10319
1032
10335
10343
10344
10368
10394
1041
10411
10435
10446
1045
1046
10481
105
1050
10500
10507
10518
10520
1053
10531
10536
10537
10562
10580
10588
10610
10633
10634
10642
10650
10655
10660
10661
10665
10669
10675
10699
107
10715
10718
10734
10736
10738
10739
10742
10761
10786
10811
10817
10848
10850
10858
10864
10873
10874
10875
10877
10880
10881
10882
1089
10893
10900
10919
10936
10942
10974
10998
11005
11018
11025
11037
11061
11074
11075
11077
11093
11096
111
11105
11129
11132
11141
11155
11162
11166
11170
11178
11181
11189
112
11200
11202
11211
112398
11248
11249
11251
112802
112869
112885
112937
112939
113000
113177
113178
113179
1132
113220
113235
11330
11344
113457
1135
1136
113622
1137
113828
113835
1139
114
1141
114299
1143
1145
1146
114609
114786
114787
114794
114798
114804
114815
114823
114879
114897
1149
114902
114928
114990
115111
115201
1154
115572
115584
115653
115704
115708
115992
116
116039
116135
116151
116173
116255
116285
116369
116379
116442
116448
116541
116983
116986
116987
117166
1179
1180
1181
118425
118426
118442
118611
118738
118856
118881
119467
120071
120376
121551
121793
122042
122258
122509
122618
122651
1234
1235
123720
124044
1241
1244
124401
124599
124626
124773
124790
124842
124912
125113
125144
125336
126014
126075
126119
126123
126129
126208
126306
126326
126393
1264
126433
126695
1271
127247
127343
127435
1280
128408
128414
128611
128821
128822
128826
128872
129080
1294
129684
1297
1298
129804
1299
13
1302
130399
130497
130557
1306
130612
130617
1308
1311
131377
131583
132158
132228
1325
1326
133482
133491
133522
133584
1339
134
134353
134526
134549
1346
134701
135295
135458
135656
1357
1358
135892
136051
136991
137868
137970
138046
1381
138151
1388
139170
1394
139411
1395
1400
1401
1404
140578
140597
1406
140628
140685
140689
140700
140730
140807
140825
140832
140876
140880
140881
140893
1409
1411
1412
1414
1415
1417
1420
142678
143187
143282
143379
143471
143630
1437
143872
144193
1443
144347
1444
144404
1447
145258
145282
145497
145501
146
146206
146225
1463
146325
146330
1464
146456
146664
146712
1469
147
1470
147015
147040
147111
147138
147183
1472
147495
147700
147807
147808
147906
147912
148014
148066
148109
148170
1482
148223
148229
148252
148304
148398
148581
148641
148709
148738
148753
149076
149095
149478
1496
149685
149699
149708
149986
150160
150209
1506
150726
151
151162
151254
151278
1515
151516
151531
152
152002
152330
152756
153
153218
153478
153769
1539
154150
154288
1543
154386
1544
154442
154661
155
155006
155184
1553
1571
158046
158056
158062
1583
158326
158427
1585
158586
158763
1588
1589
159296
160287
1607
1608
1609
161424
1616
161753
161882
1620
162417
162461
162466
162979
163259
163590
163688
163702
164045
164237
164284
164633
165100
165140
1669
1670
1674
168391
168455
168507
169355
169436
169522
169611
169693
169966
169981
170261
170302
170371
170393
170482
170626
170679
170685
170850
171019
171177
171558
173
1746
1747
1748
1749
1757
1760
1761
1762
177
1773
1775
1791
1795
1797
1800
1801
1815
1816
1820
1821
1823
1826
1838
1840
1844
1850
1852
1855
1870
189
1890
1893
1896
1903
1906
1907
1908
1917
192111
192668
1943
1944
1946
1947
1952
1953
1954
1960
196047
196074
1961
196385
196472
196743
196993
197
197257
197342
197407
199
1991
1993
1995
199720
199800
199953
199990
200150
200186
200205
200407
200523
200634
201140
201176
201191
201229
2016
2018
2019
2020
202052
202243
203054
203259
203260
203328
2038
2042
204474
2046
2051
2055
2056
2069
2074
2099
2103
2117
2118
212
2134
2147
2158
2161
2165
219557
219699
219738
2199
220164
220296
2205
2208
220965
221074
221188
221264
221301
221303
221491
221711
221833
221938
2220
222161
222487
222546
222553
222643
222826
222894
222962
223117
2245
2248
2250
2253
2256
22796
22798
22844
22864
22865
22880
22899
229
2290
22927
22932
2294
2296
22977
22981
22985
22987
22989
2301
2304
23046
23053
23057
2306
2307
23070
23087
23090
23096
23098
23109
2312
23127
23135
23149
23152
23162
23163
23192
23218
2323
23237
23283
23295
23302
23308
23309
23326
23331
23334
23335
23361
23396
23403
23410
23415
23426
23440
23457
2346
23467
23495
23498
23500
23504
2352
23520
23532
2354
23542
23551
23562
23567
23569
23617
23619
23627
23630
23632
23671
23676
23743
23746
23762
23764
23779
23780
239
24141
24142
24146
24149
244
246330
246721
248
2487
249
2492
251
2516
2523
2526
2527
2529
252995
253018
2535
253559
253738
2538
253982
254359
254439
254778
2549
254958
2550
255043
255057
255374
255426
255783
2562
2563
256302
2564
256646
2567
256714
256949
257
2571
2572
257240
25758
25759
25770
25775
25777
25789
25794
25802
25806
25807
25817
25818
25823
2583
25830
25837
2584
25841
25851
25861
2587
25880
25894
259197
25930
25950
25956
2596
25970
25999
26012
26027
26030
26032
26038
26040
26047
26050
26056
26059
26063
26083
26085
26093
26149
26153
26188
26205
26212
2623
26232
26233
26254
26257
26259
2626
26267
2627
2637
2642
2644
2645
2646
26468
2648
2649
26492
26529
26548
26576
2658
266
2660
2662
266743
26692
2670
26716
2672
268
26873
2688
269
2691
2692
26998
27006
2701
27012
27022
2703
27033
27040
27065
27092
2710
27112
27113
27129
27132
27147
27160
27165
27189
27190
27237
27254
27283
27287
27288
27290
27295
27296
273
27328
27342
27344
2736
2737
2738
2742
275
2781
2785
2786
2793
2794
2797
2812
2815
2822
28227
2826
282679
2827
282808
282973
282996
283
2832
283212
283229
283248
283278
283375
2834
283491
283507
283518
283554
283576
283871
284004
284111
284217
2843
284403
284439
284541
284654
284723
284992
2850
285016
285489
285498
285596
285598
285668
285733
285800
285848
285955
286075
2861
286128
2862
286262
286499
286514
2886
2888
2889
2892
2893
2894
28954
28983
2899
28992
2901
2902
2905
2906
2911
29113
29119
2912
29122
29123
2913
2918
2920
2921
2953
2968
29763
29765
2978
2979
2981
29895
29907
29924
2993
29935
29941
29942
29943
29947
29949
29951
29984
29989
2999
29993
29998
3000
30009
30010
30062
3012
3018
3036
3038
3040
3042
3044
3046
3049
3077
3078
3080
30813
30814
3083
30833
30850
3108
3109
3111
3112
3113
3115
3117
3118
3119
3122
3126
3166
3171
3172
3175
3200
3205
3208
3209
321
3211
3213
3218
3219
3224
3225
3227
3228
3231
3232
3233
3234
3235
3237
3238
326
326340
3268
3269
3283
3284
3291
3293
3299
3305
3306
3316
333
333926
333929
335
3350
3354
3357
3358
3360
3361
3362
337
337880
338094
338328
338382
338440
338620
338799
339
339210
339344
339451
339456
339479
339488
339500
339665
339768
339804
3400
340146
340168
340393
340784
342371
3425
342538
342979
343099
3444
344595
3446
344838
345
3452
346606
346653
347365
347730
348093
348094
3483
348378
3484
348801
348938
349565
353500
356
3562
3563
3593
3596
3605
3617
3623
363
3630
364
3641
3642
3665
3672
3705
3706
3713
3714
373863
3741
374355
3744
374654
374860
3749
374907
374946
3750
375035
375057
375061
375341
375346
3754
3756
375704
375748
375759
3761
3763
3765
3770
3777
3779
3781
3784
3785
3787
3795
3811
3814
3816
3823
3834
3851
3857
3861
386757
3868
3872
387496
387521
387707
387923
388021
388115
388135
388228
3883
388327
388341
388372
388394
3885
388533
388581
3886
3887
388886
388951
388963
389043
389058
3891
3892
389812
389840
3908
390892
390928
3911
392617
3938
3952
3955
3973
3975
398
3990
3991
399474
399664
399671
399693
399726
400223
4004
400657
4007
401
4010
401262
401265
4014
401565
402055
4034
404037
404093
404550
4056
4058
4062
4066
407
4081
4097
4099
4100
4107
4111
4112
4113
414157
4145
4146
414919
4157
4185
4188
4192
4207
4222
4240
4248
4250
4255
4256
4294
4295
43
430
4302
432
4326
4330
4335
434
4340
4350
4352
4353
4356
4359
440279
440387
440434
440730
440823
440836
441054
441150
441168
441869
442194
442444
4435
4438
4440
4499
4504
4515
4588
4589
460
4607
4608
4610
4617
462
4621
4624
463
4635
4636
4637
4640
4647
4648
4654
4661
4665
4669
4671
4675
474170
4759
4760
4762
477
4776
478
4795
4803
4804
4807
4808
482
4821
4828
4846
4852
4858
4878
4880
4884
4885
4887
4901
4908
4914
492
4920
4923
493754
493861
494513
494514
4948
495
4958
4969
4975
4985
4986
49860
49861
4990
4993
4994
4995
5008
5017
5020
5032
5047
50485
5049
50509
5051
5053
5055
50614
50619
50626
5063
5064
50651
50674
5068
5075
5076
5077
5078
50805
50833
50846
50855
50861
5089
50945
50964
5100
51005
51025
51032
51043
5105
51052
51086
51087
51127
51129
51132
51146
51151
51157
51161
51162
51172
5119
51200
51207
5121
51226
51236
5126
51270
51276
51285
51305
51308
51312
51332
51339
51341
51352
51360
51378
5138
51412
5143
51435
51440
51471
5152
51548
5155
51555
51561
51617
51622
51643
51655
51684
51702
5174
51744
51750
51761
51778
5178
5179
51806
51807
5196
5197
5224
5232
5239
5267
5273
5307
5308
5309
5313
5314
5331
53342
53345
53353
53354
5338
534
5345
5350
5354
53615
53632
53637
5365
5375
53822
53919
54103
54112
5413
54221
54345
54346
54360
54361
54363
5443
54435
54441
54490
54516
5453
5454
54540
54544
54546
54549
5455
54550
5457
5458
54584
54586
54587
54620
54626
54661
54738
54742
5475
54752
54758
54763
54784
54785
54829
54831
54857
548596
54865
54866
54870
54885
54905
54913
54923
54959
54960
54963
54967
54977
54991
55008
55009
55049
55057
5507
55072
55090
551
55102
55113
55190
55192
55194
55199
5521
55220
55222
55225
55229
55231
55237
55258
55262
55275
55298
55311
553158
55316
55324
55344
55349
5535
55367
554
5542
554235
5545
55501
55502
55508
55509
55510
55511
55515
5553
55540
55565
55582
55616
55666
55679
5568
55684
55697
55698
55715
55722
5575
55751
55800
55806
55808
55811
55821
55840
55867
55897
55924
55954
55957
55966
5598
5600
56033
5609
56143
56145
56154
56156
56159
56160
5617
5618
56269
5630
56301
56342
5638
56479
56548
5657
566
5662
56658
56659
56666
5669
5670
56729
5673
56751
5676
56848
56891
56893
56899
56901
56904
56911
56918
56953
56956
56961
56963
5697
56978
56998
57016
57030
57057
57060
57093
57104
57126
57127
57139
57144
57146
57152
57159
57161
57167
57172
57176
57185
57198
57210
5733
57333
57338
57348
574
57402
5744
57449
57452
57455
5746
57463
57464
57467
57479
57481
57484
57491
57497
57502
57512
57523
57524
57526
57529
5753
57537
57549
57553
57555
57558
57571
57575
57582
57585
57593
57594
57596
576
57604
57611
57636
57644
57657
57661
57662
57710
57719
57722
57732
57799
57801
57822
57827
57829
5786
57876
579
5790
5798
5802
5818
58189
5820
5830
5833
58475
58491
58492
58500
58504
58506
58530
58538
5863
5864
5866
5871
5881
5883
58985
590
5913
5915
5916
5924
59283
59335
59336
59340
59353
5949
5957
5959
5961
5972
5979
5986
5989
5998
6000
6004
6005
6006
6011
6014
6015
6017
6048
60484
60490
60495
605
60506
60598
6094
6096
610
6123
613
6170
6206
6233
6239
6248
6257
6261
6263
6276
6278
6285
6289
629
6293
6300
63036
631
632
6320
6324
6326
6329
6330
6339
6343
635
6357
6368
6369
6375
63827
63895
63940
63943
63948
63973
63976
63978
64066
64073
64080
64096
64102
64106
64129
64130
64131
64137
641371
64173
64184
64208
64223
6424
64240
642477
642587
64285
642938
643201
643338
64376
64377
64386
64388
64403
64409
64410
6442
64428
6449
64499
645249
64651
6469
64714
64718
6474
6476
64773
64843
64857
6487
6492
6493
64978
6499
65012
6506
650655
65078
6508
65094
65095
6511
6512
65123
65124
6517
652
65266
65268
653129
653583
6543
6547
6549
6550
6553
6555
6559
6568
6582
6585
65988
65989
65998
6604
6608
661
6615
6620
6640
6649
6650
6656
6658
6665
6666
668
6691
670
6708
6710
6718
6725
673
6751
6752
6754
6755
6758
6770
6779
6794
6804
6822
6853
6855
6860
6862
6865
6887
6899
6900
6915
6927
6939
6975
6988
6991
6998
70
7008
7015
7021
7023
7032
7038
7051
7054
7067
7069
7087
7089
7093
7102
7104
7111
7125
7136
7143
7164
717
7172
72
721
7221
7223
7224
7276
728215
728294
728613
728642
7287
7288
7291
729359
7301
733
734
7349
7350
7366
7380
7391
7392
7408
7425
7429
744
7441
7442
7447
7454
7471
7473
7476
7477
7479
7480
7481
7482
7490
7498
7499
7503
751071
7517
7546
7547
755
7564
7625
7627
7634
766
768
7709
7726
7728
773
774
7755
778
7781
7783
779
783
7849
785
78989
78997
79006
79012
79038
79041
79058
79091
79140
79153
79169
79176
7922
7923
79258
793
79364
79369
7940
79412
79444
79570
79574
79585
79594
79616
79627
79637
79643
79650
79658
79659
79680
79722
79734
79750
79758
79777
79778
7978
79783
79798
79803
79804
79805
79810
79816
79831
7984
79856
79865
79874
79883
79894
79908
79918
79924
79927
79929
79933
79937
79943
79947
79953
79969
79974
79990
80004
80012
80019
80023
80028
80032
80034
80045
80115
80128
8013
80149
80152
80153
80162
80178
80194
80198
80233
80262
80274
80303
80305
80332
80336
80339
80352
8061
80714
80736
80740
80741
80757
80758
80760
80772
80774
80778
8078
8086
80863
810
81033
8110
8115
8120
8128
81488
81490
81491
81492
81532
81551
81559
81562
81575
81605
81621
81623
81626
81693
8174
81851
81856
8187
81928
8193
8218
8220
8224
825
8269
827
8273
8277
8290
8320
83259
8326
8328
8332
8336
8337
83394
83446
83447
83463
83475
8348
83483
8350
8351
83541
83546
83547
83642
83660
83694
83698
83714
83715
8372
83733
83755
83758
8379
83795
83851
83854
83857
8387
83881
83888
83890
83896
83903
8394
83955
8398
83985
8403
84070
8408
84106
84152
84163
84171
84176
84206
84219
84221
84249
84255
84256
84269
84271
84281
84288
84289
84302
84315
84364
8437
84432
84443
84446
84448
84457
84464
84465
84539
84618
84620
84626
84628
84630
84631
84632
84634
84648
84649
84666
84684
84692
84700
84709
8471
84717
84727
84733
8475
84787
84812
84838
84839
8484
84842
84848
84889
84905
84909
84913
84914
84920
84929
84940
84944
84948
84966
84968
84971
8499
85019
8505
8506
8510
8521
8525
85280
8529
8532
85329
8534
85352
8536
85364
85397
85407
85409
85416
85441
85456
85480
8557
860
8600
8601
8632
8633
8637
8642
8646
8651
869
8693
8694
8704
8708
8711
8722
8736
874
8740
8741
8742
8751
87769
8778
8784
8786
8788
8789
8798
8808
881
8822
8843
885
8851
8856
8858
8861
887
8888
8897
89
8904
8911
8912
8913
8927
8928
8936
8969
8976
89766
89781
89801
89849
8986
89869
89870
8988
8993
89941
89958
8996
90019
90024
90050
90121
90187
90203
9021
9024
9028
90313
9032
90326
90332
90333
9034
9048
9051
90655
9066
9068
90737
90809
90850
90853
9087
90990
91107
9127
9132
91355
91373
91392
91409
9143
91445
9148
9149
915
9152
916
91608
9162
91653
9170
9172
9173
91748
91828
9187
91894
92014
9211
9215
92170
92235
92249
9227
92312
92340
92346
92359
924
9244
9247
926
9265
9266
92691
92736
9278
92822
9283
9290
9294
92949
92960
92999
93109
9311
9312
93166
93185
93273
9340
93426
9355
9362
9363
93649
93661
9378
9379
9381
9389
9390
9394
9400
94031
9421
9423
94234
9427
943
9441
9455
9464
947
9480
9486
9501
9506
9507
9537
954
9543
9564
9568
9572
9605
9610
9622
9623
9625
9644
96626
9671
9687
9715
9717
9718
9727
9729
9730
9739
9744
9751
9752
9755
9757
9762
9796
9829
9839
9863
9870
9880
9887
9890
9892
9905
9907
9920
9924
9951
9955
9956
9967
9970
9973
10005
1001
100128927
100129503
100131187
100170841
10023
10025
10039
10043
10044
10068
10076
10078
10081
10083
10086
10100
10103
10126
10127
1013
10139
10158
10201
10207
10223
10224
10225
10227
10261
1030
10317
10347
10350
10352
10380
10385
10391
10401
10402
10444
10454
10461
10488
10495
10499
10501
10509
10521
1056
10563
10584
10612
10663
10673
10716
10743
10763
10766
10780
10781
10793
10795
10807
10810
10814
10818
10826
10840
10847
10859
10865
10870
10894
10911
11016
11022
11026
11054
11064
11076
1109
11113
11122
11144
11165
11176
11182
11185
11213
11237
11238
112479
11262
11264
11273
11279
11320
113278
114034
114614
114625
114757
114771
114785
114790
114791
114827
114904
114960
115004
115330
115352
115827
115950
116224
116441
116840
116843
116844
117289
1178
1184
118490
119
119548
1196
121268
122046
122060
122809
122945
123099
1237
123879
1240
125170
125950
1261
126133
126231
126298
126321
126353
126823
126917
126969
127003
127534
127733
128209
128229
128344
128434
128486
128553
1286
128710
129025
130132
130502
130733
130827
130888
131034
131408
1318
132203
132660
133121
134147
134728
135112
135154
1359
136306
1365
1366
136895
137362
1382
138639
139221
140459
140460
140467
140706
140710
140732
140766
140831
140856
140883
140886
1421
1427
1428
1441
144699
144983
145482
145781
145864
146059
146705
146857
147011
1473
147920
148254
148268
149111
149345
149473
149483
149628
150353
150368
150383
150696
150737
151056
151126
151242
1522
1524
152926
153643
153918
154
154007
154141
154313
155038
155054
1558
156
157310
157657
157695
158960
159195
1593
160
160313
1606
160622
160857
161357
161582
1621
162963
162966
162972
162989
163131
163255
163351
163404
1641
1644
165904
166614
166647
1675
1677
168544
171024
171392
171568
1733
1750
1769
1774
1780
1785
1822
186
1874
192286
1949
196296
196483
196513
196740
196792
197322
197335
1996
2
200315
200424
2005
200931
201255
201294
201475
2015
202051
202309
202559
2027
2028
202915
203228
2036
2039
2044
2057
2068
2077
21
2113
2120
2121
2140
2153
2159
216
2169
219670
219855
219972
220001
220064
220213
220441
221395
221981
222
222235
222663
2244
2258
2259
2262
2263
2266
2268
2272
2275
22802
22820
22829
22846
22869
22874
22885
22893
22904
22905
22933
22955
22993
22996
22999
23031
23043
23086
23092
23108
23113
23125
23133
23139
23140
23144
23166
23181
23187
23217
23223
23224
23242
23247
23248
2326
23261
23269
23274
23293
23303
23305
23315
23332
23341
23357
23368
23409
23460
23492
23507
23510
23523
23529
23536
23547
23552
23555
2358
23583
23612
23616
23624
23643
23644
23650
23659
23729
23761
23765
238
240
24144
245812
245973
2475
2515
253152
253650
254048
254295
254528
254531
254887
255104
255119
255189
2555
255743
256126
256281
256364
2566
256691
257019
257106
257364
25769
25790
25791
25799
25801
25809
25839
25862
25885
25891
25903
259173
25928
259283
25973
25992
26000
26011
260425
260436
26071
26145
26146
26150
26152
26154
26164
26173
26266
26272
26280
26330
26338
26470
26499
26504
26507
26508
26523
2661
266629
266727
267002
2674
2681
2687
2690
26993
2700
27035
2706
2707
27074
2709
27091
271
27111
27128
27130
27143
27148
27159
27173
27181
27240
27245
27284
27286
27304
27324
27329
27334
27343
27350
27434
2769
2792
2798
2801
2802
28232
282969
283120
283219
283298
283337
283373
2835
283537
283588
283638
283659
283899
284
284013
284086
284129
2842
284325
284338
284340
284391
284417
284716
284756
285097
285386
285671
2857
285753
286122
286464
286554
2875
28959
28964
28971
28984
29068
29071
29091
29109
29124
2957
2972
29780
29800
2984
29844
29906
29925
29928
29933
2994
29946
29948
29954
29965
29985
3003
3029
3043
3055
3071
3075
30832
30837
30849
3092
3123
314
3157
3169
317
317719
32
322
3223
3229
3236
3248
3257
326624
3300
3310
3347
3373
338
338324
3386
338692
338699
338872
339541
340277
341640
342184
342357
342908
342909
343990
345462
3456
3467
347344
3481
3508
353132
353189
353219
3553
3561
3567
3577
3595
3598
3604
3606
362
3627
3633
3660
3662
3671
3674
3676
3683
3684
369
373861
374395
374569
3752
375248
375513
375775
3762
3767
3783
3790
3792
3815
383
3841
387032
387758
388714
389136
389362
389432
389677
3898
389856
3954
3957
3960
3977
3980
3984
399
399512
400713
4008
400961
4023
402415
4025
4033
4036
4038
4063
4068
41
410
4103
4110
4118
4126
4129
414328
4151
4155
420
4211
4246
4254
4261
4298
4301
4306
4311
4321
433
4337
440307
440465
440515
441151
441212
4488
4524
4582
4598
4599
4606
4642
4645
4705
4756
4773
4826
4849
4882
4952
4987
5023
5029
5031
5042
50487
50507
5079
50852
51004
51006
51008
51077
51107
51114
51131
51135
51149
5118
51195
51237
51257
51259
51266
51267
51272
5129
51291
51297
51310
51348
5136
51380
51385
5139
5145
51460
51473
51490
5153
51531
51533
51550
51557
51559
51560
5158
51586
51588
51599
51654
51673
5169
51703
51710
5190
5209
5210
525
5256
5268
5288
5310
5324
53344
5336
5340
53405
5348
53616
5367
53826
54
540
54039
54108
5426
5428
5430
54329
54344
54455
5446
54465
54472
54503
54504
54521
54531
54581
54622
54623
54627
5465
54662
54677
5468
54707
54762
54766
54777
54797
54807
54814
54836
54854
54855
54856
54861
548644
54891
54893
54894
5493
54938
54957
54971
54973
54987
55016
5502
55020
55030
55040
55051
5509
55094
55095
55116
55122
55129
55152
55182
55184
55187
55191
552
55201
5523
5524
55240
55253
55260
55266
55281
55289
55295
55313
55340
55357
55359
55362
55366
55374
5549
55558
55614
55633
55640
55643
55644
55653
5566
55662
55663
55665
5569
55693
55695
55702
55709
55714
55719
55728
55731
55734
55741
55785
55799
55805
55812
55815
55825
55843
5585
5588
55898
55911
55917
5596
55964
55971
56063
56125
56130
56163
56164
5620
56242
5625
56259
56260
56265
56477
56478
5652
5655
56605
5663
56648
56675
56832
56886
56903
56905
56922
56927
56969
56970
56977
57097
57118
57124
57140
57154
57168
57190
57212
57213
57224
57282
57343
57381
57410
57451
57460
57468
57476
57504
57505
57521
57545
57556
57572
57579
57586
5763
57649
57670
57690
57697
57707
57713
57715
57733
5774
5777
5778
578
5780
57805
5783
57830
57863
5794
5795
58
58157
5819
5837
58486
58499
58509
58512
5874
5875
58986
5900
5914
5918
5919
5922
5923
59274
59277
59285
59338
59341
59352
5948
5950
597
5977
5992
6037
6039
6041
6045
60494
607
6091
6103
6199
6236
624
6252
6275
6277
6291
6305
6309
6335
634
6348
6351
6352
6355
6366
638
63874
63876
63877
63893
63894
63898
63970
6398
63982
6399
6404
6406
64063
64081
64084
64111
64115
64123
64145
6419
64220
64231
64283
643008
6431
64320
64324
64374
6440
64446
64478
644815
644890
644975
645261
6455
64599
646
64601
64708
64748
64760
64763
64776
64779
64782
64787
64788
64802
64838
64847
64849
64850
64864
64881
64901
64922
64926
65055
650669
6522
652995
6534
6546
6548
6563
6578
65975
65980
65986
66002
6621
666
6660
6676
6688
6689
6697
6701
6720
6756
676
677
6773
6786
6811
6813
6820
6821
6829
6833
6837
6839
6847
6850
6861
6872
6884
6904
6910
6913
6916
6928
6943
6947
6948
7005
7006
7022
7043
7044
7059
7062
7068
7098
7122
713
7134
7156
7161
7180
7185
7186
7189
719
726
727897
728
728621
7289
729
730
7318
7410
7423
7433
7450
7462
747
7472
7551
7561
7567
7571
7584
7587
7589
7597
7629
7673
7701
7704
7727
7745
7754
7760
7766
7768
7786
7805
781
7813
7851
7852
7881
79018
79035
79036
79065
79089
79096
79098
79132
7915
79157
79175
79230
79368
79414
79442
79571
79612
79618
79623
79625
79632
79633
79640
79641
79648
79649
79651
79652
79654
79661
79671
79683
79684
79686
79690
79705
79719
79724
79726
79730
79754
7976
79788
79792
79794
79799
79800
79812
79813
79814
79818
79819
79828
79838
79845
79850
79852
79869
79879
7988
79890
79896
79898
79905
79919
79931
79944
79949
79955
79979
79987
79991
80024
80031
80071
80094
80095
80108
80110
80127
80148
80167
80185
80201
80237
80255
80256
80270
80313
80317
80319
80346
80723
80724
80737
80745
80763
80776
80823
80830
80832
80833
80853
81031
8131
8139
8148
815
8153
81607
81628
8178
81788
81792
81832
81858
81932
8200
8225
8242
8287
8291
8312
8342
8346
83464
8347
83481
83550
8358
83590
83638
8368
83696
83706
83707
83734
83743
83855
83858
83894
83937
83959
83988
84066
84067
84076
84138
84141
8416
84164
84167
84217
84223
84261
8427
84433
84436
8444
84456
8447
845
84514
84530
84572
8462
84671
84679
84687
84688
84747
84752
84775
84791
84809
84818
8483
84871
84885
84892
84895
84922
84923
84935
84958
84964
8501
85025
8527
85302
85363
85369
85378
85379
8538
85438
85439
85442
85444
85451
85455
85459
85464
85477
8549
8568
8569
8612
8631
8647
8653
8692
8706
8710
8729
8764
8796
8800
8821
883
8840
8842
8844
8846
8857
8875
8906
8908
8916
8926
8938
8939
89765
89778
8989
90007
90025
9016
9020
90204
9022
9026
90293
9031
90324
90338
904
90423
90441
9050
90639
90649
90665
90673
9071
9077
90780
9091
90933
90987
910
9103
9104
91056
912
9120
9121
9122
91227
91300
91304
91369
914
9150
91543
91607
91694
91734
91782
9182
919
91977
92
920
92086
92092
92105
92162
9219
9223
92241
9249
92558
9258
92609
92737
92747
92799
93
9313
932
93210
9328
933
9332
9342
93436
9344
9350
9351
9358
9365
9392
94
94005
9402
94097
941
94121
9413
9422
9429
9435
9436
9463
9468
9472
9476
948
9489
9495
9499
952
9530
9536
9567
9569
957
9575
9578
958
9586
9595
963
9633
9635
9649
9674
9679
9681
9684
969
9699
970
9701
9705
9723
9725
9726
973
9738
974
9742
9743
9746
978
9807
9810
9814
9820
9826
9834
9842
9854
9860
9875
9881
9895
9896
9899
9909
9915
9923
9936
9940
9947
9963
9966
9980
9986
10003
10008
10009
10013
10014
10017
10020
1003
10053
10058
10060
10075
101
1012
10136
10141
1015
10154
10157
1016
10162
10168
1018
10203
10208
10216
10229
10232
10233
10243
1025
10256
10257
10266
10288
10293
10307
10309
10320
10321
10322
10325
10326
10331
10345
10351
10361
10371
1038
10388
10389
10392
10396
10420
10462
1047
1048
10485
10497
10514
10538
10560
10585
10587
10590
10595
10599
10609
10621
10622
10629
10636
10638
10647
10648
1066
10690
10691
10693
1071
10723
10744
10752
10753
10758
10773
1080
10800
10804
1084
10855
10868
10869
10876
10878
1088
10888
10891
10902
10903
10924
10948
10964
10990
10999
11000
11001
1101
11012
11019
11020
11027
11035
11043
11045
11055
11066
11085
11094
11095
11099
11101
11107
11117
11119
11126
11135
11146
11147
11151
11153
1116
1117
1118
11184
11187
11190
11197
1121
11216
11226
11232
1124
11240
11254
11269
11272
112744
1128
11281
112817
113026
11309
1131
11326
1134
113451
113452
11346
113612
113763
1138
113802
113878
114134
1144
114569
114659
114769
114770
114781
114784
114789
114792
114799
114800
114805
114822
114836
114880
114984
115123
115265
115350
115399
115677
115749
115761
1158
115811
115817
115825
115948
1160
116071
116113
116115
116143
116154
116238
116328
116362
116443
116984
117143
117144
117145
117154
117156
117157
117283
1174
117608
118427
118430
118491
1185
1186
118672
118813
118932
1193
119391
119587
1198
12
120227
120379
120425
120526
1208
120892
121355
121506
122402
122773
122970
1230
123264
1233
123591
1236
123775
124045
124093
124152
124220
124935
124961
124997
125
125061
125893
1259
125919
126074
126259
126282
126299
1263
126308
126375
126410
126668
126669
126820
126868
1269
127
127254
127396
127700
127829
127943
128025
128153
128218
128346
128488
128602
128653
1293
129303
129446
129450
129530
129563
129685
129787
1300
130013
1301
130162
130271
130535
130574
130589
130814
130916
130940
131096
131601
131831
132160
132851
132884
132989
133022
133690
134265
134285
134548
134637
135
135114
1352
1356
135886
135927
135932
136
1360
1361
1364
1368
1369
1373
1375
1378
137835
137872
137994
1380
138050
138255
1384
139105
139135
1392
139285
139341
139378
139596
139599
1396
139716
140
140462
140564
140612
140679
140680
140688
140691
140699
140701
1408
140801
140894
1413
1419
142679
143098
143241
1436
143662
143689
1439
1440
144100
144233
144406
144501
144715
1448
144811
145376
145407
145483
145508
145567
145748
145773
146057
146439
146556
146722
146760
146845
147323
147372
147463
1475
147657
147694
147798
147837
147948
148103
148213
148266
148479
148523
148534
148808
149233
1493
149428
149465
149499
1497
149840
149998
150082
150094
150248
150290
150350
150365
150590
150622
1510
151050
1511
151112
151393
151473
151556
151827
151963
152078
1521
152185
152189
152195
152404
152405
152573
153020
153090
153579
1536
153642
153657
153733
153768
154043
154075
154091
154197
154215
154664
154796
154865
154881
155066
155465
1556
1557
1559
1562
157
1573
1576
157697
1579
157983
158067
1581
158135
158405
1586
1587
158787
158798
158800
158809
158833
158866
1591
1592
159371
159686
159989
1602
160364
160419
160518
160851
1610
161003
161176
161247
161436
161502
1618
161823
161835
162333
162427
1628
162998
1630
163050
163051
163071
163087
163115
1636
163732
163782
1638
164395
164781
1649
165
165055
165186
1656
166378
166379
166979
167359
167681
167826
167838
168090
168433
168667
1690
169270
169714
170063
170689
171425
1731
1742
1755
1770
1787
1788
1796
1803
1805
1813
1824
1833
1842
1849
185
1877
1889
190
1909
1915
191585
192683
1942
1945
1950
1959
1962
196264
196374
196394
196403
196410
197258
197259
199223
199777
199870
199920
199964
199974
200010
200014
200035
200081
200132
200159
200172
200232
200403
200504
200558
2006
200728
200765
200844
2009
2011
201456
201514
201626
201633
201798
201895
202
2022
202333
202500
203100
203102
203111
203190
203197
203245
203447
2035
203522
203562
204219
2049
206358
2072
2078
208
2104
2124
2139
215
2162
2166
2167
2168
2170
2172
2176
2178
218
2185
219736
219743
219790
219793
219833
219902
219931
219990
219995
220004
220074
220108
2202
2203
2204
2207
220929
220963
220972
221016
221078
221079
221143
2213
221322
221393
221424
221458
221468
221472
221662
221687
2218
221823
2219
221955
222229
222256
222545
222584
222611
222865
2241
2242
2243
225
2252
2254
2255
2257
2264
22797
22807
22808
22824
22832
22835
22847
22849
22852
22853
22858
22866
22870
22879
22881
22891
22894
22897
22901
22914
22918
22925
22926
22937
22954
22978
22994
23007
23017
23025
23060
23066
23094
23101
23102
23130
23143
2315
23150
23169
23178
23205
23207
23209
2321
2322
23221
23228
23235
2324
23245
23250
23264
23268
2327
2328
23281
23284
23288
2329
2330
23324
23339
2334
23371
23378
23383
23384
23386
23399
23408
23413
23428
23431
23461
2350
23509
23514
23533
23546
23550
23553
2356
2359
23601
23626
23646
23682
23759
23767
23769
23770
24
241
2444
245711
245938
246126
246269
2525
252969
252983
253190
2532
2533
253512
253635
2537
253980
254050
254065
254228
254263
254773
254956
255101
255738
255762
2558
256309
256643
2568
2569
2570
257068
257160
257169
257177
25771
25780
25803
25805
2582
25849
25850
25854
25870
2588
25884
25890
259
2592
259232
259239
25924
259240
259286
259294
25939
25946
25961
25974
25987
25988
26007
26013
26015
26022
260293
26034
26074
26084
26094
26108
26112
26133
26148
2615
26151
26160
26166
26167
261734
26191
2620
26206
26219
2622
26228
26230
26235
26249
26253
26256
26261
26270
26277
26279
2628
26281
26285
26287
26301
2641
26471
26476
265
2650
26505
2651
26532
26538
26539
26575
26577
26578
26580
26610
26648
26659
26664
26689
267004
2671
2686
2695
2696
26974
26984
27
270
27010
27019
27030
27031
27036
27037
27043
27063
27071
27079
27087
27098
27115
27120
27123
27134
27141
27145
27151
27152
27153
27154
27175
27178
27183
27197
27199
27232
27233
27246
27253
27255
27289
27291
27293
27297
27299
27301
27302
2731
27330
27333
27352
2774
2775
2779
2784
2788
2796
280664
2811
2819
2825
2828
283129
283130
283159
283254
2833
283358
283377
283383
283848
283870
283987
284001
284076
2841
284114
284161
284307
284353
284370
284390
2844
284459
2845
284521
284525
2846
284613
285
28512
2852
285268
2853
285315
285331
285368
285782
2859
286336
286343
286676
2867
2868
286826
286887
287015
2882
28955
28958
28965
28966
2897
28981
28990
28996
28999
290
2904
29062
29070
29092
29104
29121
2917
2922
2931
2938
2940
2944
2948
2949
2952
2963
2967
2977
29781
29785
29798
29841
29842
2986
29882
29888
29909
29911
29919
2995
29953
29957
29958
2996
29986
29992
3001
3002
3024
303
3034
3053
3054
3064
3067
30811
30812
30815
30819
3082
30845
30846
3101
3104
312
3131
3142
316
3162
3170
3174
317671
317781
318
320
3207
3212
3214
3222
3226
3240
3242
3250
3263
326625
3270
3290
33
3344
3352
3356
336
3363
3364
337876
338557
338645
338657
338811
339201
339327
3394
339512
339559
339669
339778
3399
340075
340205
340348
340351
340371
340419
340481
340547
341
342035
3426
3429
3434
3437
344
3449
345557
346157
346171
346389
347
347240
347404
347744
347862
3479
348013
348262
348995
349075
350
353355
353514
3559
3560
3569
3574
3575
3578
3579
358
3586
3587
3590
3592
3601
3603
3620
3625
3636
3645
3652
366
3663
3664
3681
3687
3694
3695
3698
3707
3718
3732
3736
3737
3738
3739
374378
374393
374403
374491
3745
374618
374655
374868
3751
375298
3766
376940
3773
3780
3786
378925
379
3820
3824
3852
3854
3856
3866
386618
387104
387601
387694
387914
3881
388335
388531
388695
388730
388799
389434
3899
390066
3903
3904
390616
3909
390940
3918
392307
3929
393
3934
3936
3937
3950
3965
3976
3996
399670
399818
399949
40
400073
400120
400451
400566
400629
400745
401052
401190
4012
401207
401546
4018
402778
403314
4040
4041
404217
4051
405753
405754
406
4064
4065
4072
408
4084
409
4114
4117
4123
4128
4137
4139
414
414301
4148
414918
4153
4159
4160
4161
4163
4168
419
4194
4209
421
4215
4224
4239
4242
4249
4253
4283
4303
4316
4318
4319
4322
4324
4332
4354
4355
440699
440712
4481
4485
4486
4493
4542
4543
4593
4600
4613
4641
4653
4660
4680
4685
4689
4692
4693
4703
4753
4772
4778
4784
479
4791
4793
4810
4814
4818
4824
4825
4855
486
487
4881
4886
4889
489
4892
4900
4929
4931
4940
4956
4967
4973
4988
4991
5009
5010
5015
5028
5045
50486
50488
50489
50508
50511
50615
50617
50624
5067
5071
5080
50809
50834
50838
50853
5091
50937
50940
50943
5097
51003
51023
5104
51057
51058
51066
51069
51088
51093
51098
51102
51104
51112
51156
51166
51176
51177
51191
51205
51206
51209
51213
51222
51225
51268
51277
51281
51284
51286
51294
51299
51301
51302
51311
51313
5132
51327
51334
51338
51361
51384
51393
51409
51411
51427
51442
5146
5148
5149
51513
51517
51564
5157
51571
5159
51608
51621
5163
5164
5165
5166
51666
51686
51700
51705
5172
5173
5175
51751
51754
5176
51760
51764
51804
51816
5187
5188
5192
5199
5201
5205
5207
5208
5225
5228
5241
5244
5251
5260
5261
5265
5271
5272
5283
5284
5292
53
5304
5317
5319
5322
5326
5330
5333
53346
53373
53407
5341
5346
5349
53630
53829
53831
53832
53904
53944
54020
54033
54058
5406
54065
5409
54097
54101
54102
5414
54209
54210
542767
5429
54328
54332
54440
54457
54463
54474
54476
54487
54494
54496
54497
54498
5450
54509
54514
54518
5452
54532
54538
54554
54558
54566
54567
54596
54619
54674
54682
5470
54716
5473
54734
54739
54749
54769
54776
54795
54799
54809
54810
54811
54816
54825
54827
54830
54834
54839
54845
54850
54852
54858
54862
54868
54869
54879
54883
54884
54896
54901
54903
54914
54921
54922
54933
54937
54942
54954
54964
54970
54974
54978
54979
5498
54980
54993
54996
55001
55007
55014
55024
55026
55028
55048
55054
55061
55063
55068
55080
55086
55088
55092
55105
55107
55111
55112
55124
55128
55133
55139
55147
55160
55171
55176
55177
55188
55200
55203
55208
55211
55213
55217
55218
55223
55224
55227
55228
55234
55238
55244
55268
55277
55282
55283
55285
55286
55296
553
55303
55314
55315
55317
55328
55329
55335
55343
55346
55351
55356
55361
55363
55365
5540
554174
55432
55435
55504
55506
55520
55532
55544
55567
55584
55593
55600
55604
55607
55609
55610
55612
55613
55617
55619
55620
55634
55647
5565
55650
55657
55667
55668
55670
55676
55680
55683
55686
55690
55711
55716
55733
55742
55753
55760
55762
55764
55765
55770
55771
55780
55787
55793
5580
55803
5581
5582
55823
55835
55844
55848
55870
55876
55879
55888
55890
55891
55906
55909
5592
55929
5593
5595
55974
5599
56000
56006
5602
5603
5610
5611
56121
56124
56126
56127
56128
56129
5613
56139
56158
5619
5624
56241
56253
56256
5626
5629
563
56341
5645
56474
5650
56521
56603
56606
56623
56649
56656
56667
56704
5671
5672
5675
5678
5681
56833
56834
56849
56892
56895
56897
56906
56920
56926
56928
56946
56948
56949
56952
56957
56964
56979
56980
56983
56996
57020
57038
57053
57084
57089
57101
57105
57106
57109
57110
57115
57116
57119
57143
57150
57171
57186
57188
57194
57209
57214
57221
57228
5723
57232
5724
5729
5730
5732
57336
57337
5737
574028
57404
57408
57412
57419
57446
57462
57471
57474
57480
57513
57514
57520
57530
57536
57546
57547
57551
57562
57573
57574
57576
57577
57578
57580
57592
57595
57605
57609
57610
57613
57615
57617
57623
57628
57633
57639
57643
57646
57654
57658
57664
57669
57683
57691
57699
577
57706
57711
57716
57718
57728
5775
57758
57786
57821
57823
57864
5788
5799
5803
5806
5816
58191
582
5826
5834
58473
58484
58494
58503
58511
58513
58526
5858
5865
5891
5896
5909
59272
5929
593
59350
5939
596
5973
5978
5990
5991
5994
5996
6003
6010
6013
6019
60312
60385
60401
60437
60482
60489
60526
60625
60672
60678
60681
60686
608
6098
6102
611
6192
619208
623
6242
6247
6258
6262
6271
6273
6274
6280
6283
6286
6295
6296
63035
6311
6314
6318
6328
6337
6338
6344
6346
6347
6354
6356
6360
6361
6362
6363
6364
6367
6372
6373
6387
63891
63892
63897
639
63901
63906
63908
63910
63925
63926
63928
63929
63934
63935
63941
63971
640
64005
6401
6402
6403
64061
64067
6407
64077
64078
64091
64092
64093
64097
64098
64101
64108
64109
64127
64132
64168
64172
64174
64218
64241
64284
64288
643
64319
643236
64333
64344
6439
64407
6441
64411
64427
6444
6445
64506
64518
6452
6456
6457
64577
64579
64582
64598
64600
6462
6468
64768
64780
64789
64792
64793
64794
64798
64799
6483
64840
64852
64860
64866
64895
64897
6490
64900
64927
64940
6495
6496
6498
65010
6503
6504
651
6514
6519
6523
65243
65251
65263
65267
6527
653
6536
6539
654
6545
654790
6554
6556
6561
6565
6571
6580
6581
6583
6584
6586
6591
65985
65987
65999
66037
6610
6614
6618
6623
6641
6657
6671
6677
6690
6692
6696
6699
671
6712
6714
6737
6769
6776
6781
6785
6789
6792
6795
680
6801
6819
683
6843
6846
685
6869
6870
6871
6875
6886
6894
6901
6906
6908
6909
6920
6940
695
6954
696
6999
7003
7011
7016
7018
7031
7049
7053
7056
7066
7075
7092
7094
7096
7097
7099
710
7101
7103
7108
7113
7123
7133
7135
7137
7138
7139
7140
7142
7166
7201
7225
7226
7227
7253
727
7273
7274
728591
7286
7292
729515
7297
7305
7306
732
7348
7363
7373
7409
741
7412
7434
7439
7464
7483
7504
7508
7512
7515
752
7535
7539
7544
7552
7554
7556
7566
7568
7569
7579
7580
7581
7582
7592
7593
760
761
762
7621
7626
763
7633
7638
765
767
7678
7691
7695
7699
770
7700
7706
7712
7718
7730
7739
7741
7746
776
7761
7767
7769
777
7770
7773
7782
7789
7802
7809
7841
7855
7857
7862
7869
78987
78995
7903
79037
79054
79056
79064
79066
79083
79085
79087
79133
79165
79172
7918
79365
79411
79415
7942
79446
795
79583
79587
796
79603
79605
79608
79614
79629
79630
79635
79644
79646
79668
79669
79689
79691
79695
79703
79706
79716
79723
79725
79727
79729
79735
79744
79745
79746
79747
79748
79751
79760
79762
79767
79774
79782
79784
79786
79789
79797
79815
79817
79823
79825
79834
79836
79839
79840
79842
79843
79847
79853
79861
79862
79863
79870
79871
79872
79875
79884
79885
79887
79891
79899
799
79913
79915
79925
79930
79954
79958
79961
79962
79966
79973
79983
79989
79993
79998
8000
80003
80005
80007
80008
80011
80020
80021
80063
80067
80099
80122
80124
80129
80133
80169
80177
80183
80184
80195
80210
80217
80222
80224
80235
80243
80258
80271
80301
80309
80310
80311
80312
80323
8034
80342
80345
80351
80380
80704
80705
80709
80728
80742
8076
80896
8092
8100
81025
81029
81030
8111
81494
81501
81544
81550
81553
81570
81571
81576
81577
81578
81602
81617
81619
81622
81691
81786
81789
81793
81794
81857
81888
8189
81890
8190
820
8216
8292
8309
8313
8330
8341
8344
83444
83448
8345
83450
83452
83478
8349
8352
8353
83538
8354
8356
8359
83597
8360
8361
83637
8365
83657
83659
8366
83699
83729
83759
83786
838
8382
83844
83849
83853
83872
83874
83876
83887
83891
8390
8392
83935
83938
83943
83954
8399
83990
83992
83998
83999
84034
8404
84071
84072
84080
84083
841
84101
84124
84127
84134
84144
84148
84166
84173
84174
84179
8418
8419
84190
84193
84216
84224
84225
8424
84243
8425
84253
84254
84264
84278
84283
84286
84290
84295
843
84301
84307
84309
8431
84310
84335
8436
844
84419
84440
84444
84461
84467
84529
84532
84541
84542
84547
84548
84557
84570
84612
84622
8464
84647
84654
84663
8468
84680
84695
84708
84734
84750
84769
8477
84795
84807
8481
84824
84830
84851
84866
84867
84883
8490
84911
8492
84941
84942
84947
84953
8497
84970
84984
84991
85016
85021
8509
8513
8526
8528
85289
85300
85366
8537
85411
85414
85415
8542
85452
85462
8547
85478
8556
8558
8564
8576
8581
8605
8608
8622
8626
863
8639
8643
866
8676
8685
8689
8690
8698
8701
8707
8714
8715
8718
8747
8749
875
8787
8792
8793
8794
8797
88
8809
8814
8820
8825
8832
8838
8852
8854
8862
8863
8864
8876
8910
8915
8968
89790
89822
89846
89853
8987
89872
89874
89876
89882
89886
8991
89932
8994
89944
89953
90075
9013
90139
9014
90161
90167
90233
9025
90288
90427
9046
9047
90523
90529
9056
9058
90592
90594
9064
90678
9073
90736
9075
9076
90835
9086
90865
9094
9095
90957
9098
91010
91039
91074
91120
9113
91147
9118
91289
91319
9138
9142
91442
91523
9153
9159
91683
917
91703
91749
9175
91750
9179
9185
91851
91875
9194
91949
9196
9203
9205
9210
92104
9214
92154
922
92211
92270
923
9230
92335
92345
92421
925
9254
92552
9256
92565
92595
92610
9262
92714
92745
92749
93010
93035
9308
93099
931
9310
93190
9321
93233
9329
93349
93474
9348
93550
93587
93643
93664
939
93973
93986
940
94015
9407
94120
94137
942
9420
9424
94240
9437
944
9447
945
9450
9457
9459
9473
9478
9481
9487
9509
951
953
9547
956
9563
9576
9600
9615
9619
962
9620
9627
9628
9630
9640
9641
9658
9665
9668
9670
9677
9678
9696
9704
971
9719
9721
9722
9731
9737
9754
9759
9764
9770
9772
9783
9785
98
9806
9824
9825
9831
9832
9843
9846
9851
9853
9855
9856
9858
9912
9914
9925
9937
9938
9953
9957
9968
9985
9990
10125
10219
10265
10333
1043
10566
10871
11006
11062
11070
11081
11133
11228
114899
116159
116842
122616
126
140738
150
1594
1776
1794
196996
2010
2070
2157
2206
2215
221692
2277
22854
22915
23232
23252
23385
23416
2357
23600
23648
25980
2629
2766
2847
28988
30817
313
3198
3202
325
339855
3557
3621
3670
368
3702
3759
3764
3769
3818
3889
389119
440738
4620
4633
474344
4752
4815
4829
4857
4883
496
5026
51027
51316
51458
5266
5274
5316
5320
54438
5444
54823
54988
55096
55106
55118
55130
55287
55321
55423
55638
55713
55885
56287
56894
56896
57088
5731
5739
57453
57834
58498
5890
5967
6035
6340
6374
64149
6450
64772
64800
6482
6588
6590
6707
6775
7080
712
731
735
7404
7432
745
7771
7772
79156
79192
79575
79589
79685
79822
79864
80199
80761
80851
81027
8233
83643
83648
84334
84417
84561
84675
84698
85004
85413
85417
8620
8807
89884
9027
9033
90506
91368
92255
9322
94039
9514
9535
9617
9865
10149
10245
1036
10390
10557
10687
11021
1113
1215
1232
1258
126070
130340
131578
140545
1580
183
200958
22821
230
23081
23220
23322
23417
23418
23554
23604
25797
25901
2591
25975
25984
26240
26297
27077
27097
285282
2863
29886
2998
29988
3005
3017
3037
3059
3201
3294
35
353274
3552
3640
3689
3791
3848
3880
3902
395
4055
4314
4595
4798
4935
5004
5005
5016
51061
5252
5321
5334
5335
53358
5372
54511
54828
54843
54873
54875
54886
54956
55034
55304
55755
55777
56122
5649
57091
57393
57567
57648
57717
5968
5988
6279
6304
6323
63899
6528
660
6668
6674
6903
7294
78991
79088
7941
79639
79713
8029
80304
80328
80333
8045
84466
8530
8839
92342
9242
9712
9767
9934
2528
10052
10170
10324
10551
10578
10912
11067
11131
1122
11283
11314
114548
137075
146540
151354
1577
159091
1671
187
1999
221400
22843
22845
23082
23151
2331
23400
23436
23493
23708
246
25833
25949
26051
2702
2719
27244
27285
2947
29799
3026
3158
3433
3512
360
3948
4057
4070
4184
4210
4223
4312
4482
4674
4688
4744
4983
50649
50856
51296
51343
51547
5193
5449
5451
54551
54813
54887
55195
55248
55259
55301
55471
5551
5563
5577
55778
55915
56171
5644
56475
57111
57211
57335
5741
57458
5822
58495
60675
6121
6359
63967
6518
714
7252
7507
7694
7733
7753
7850
78992
79178
7957
79582
79600
79626
79858
79895
80150
8085
8266
828
8284
83416
83861
84447
84525
8512
9
9023
91012
91775
92283
9388
9848
2946
3680
50506
5368
79173
79739
91179
1501
2890
29760
29890
443
4619
4634
55070
55273
64757
84329
8630
162239
23541
51678
929
9508
11069
140461
1880
2053
2160
221496
2302
23366
3204
4060
4069
429
54757
54900
5526
55721
57017
6097
64762
7079
722
79148
794
80131
83544
84182
84303
8482
84985
8578
92304
92840
113675
57121
57692
7060
78990
79147
10993
4922
57192
5745
5878
83401
84924
90507
9465
79144
8448
51337
5639
57332
55786
79877
3782
10863
53916
55655
79170
162
7100
80765
94025
79642
29903
57096
6484
80263
