100033432
100033440
100033809
100127961
100128172
100128379
100129888
100130137
100130298
100130708
100133661
100189007
100271033
100271190
100271210
100271213
100271246
100272147
100287357
100287673
100289351
100289545
100302282
100302739
100313803
100421533
100462772
100499177
10064
11217
11325
122888
1387
1477
170537
172
1871
199704
2175
2284
23186
23666
246714
2616
283458
28389
28408
28409
284371
28517
28526
28559
28573
28577
28582
28598
28606
28612
28616
28756
28830
28864
28877
28891
326269
338399
342358
360177
388574
389386
390411
390419
391106
400410
401115
401242
401337
401393
4150
440043
440138
440957
441051
441887
442160
442232
442517
469
492303
51529
54074
5435
552900
55819
5760
57794
6071
6137
6154
619491
619563
642513
642546
643180
643329
643371
643617
643711
644051
644189
644495
644961
645688
645884
647013
651337
653645
677826
6918
6923
693230
6958
6962
728088
729313
730239
730861
731602
732272
79001
93655
9391
100125556
100128122
100131174
100131693
100132644
100133089
100271584
100272216
100302650
118432
140756
151475
28653
341457
349196
388885
389842
391738
399511
399881
402694
440577
441455
474338
484
644563
645292
646890
647012
727997
729608
730190
8489
100
100093630
100101126
100113378
100127906
100128274
100128393
100128574
100128591
100128775
100129055
100129647
100130606
100132594
10018
100190939
100271152
100287209
100289319
100289381
100312794
100313968
10042
10049
10095
10099
10105
10109
10112
10113
10121
10123
10130
10133
10135
1017
1019
1020
10200
10211
10212
10213
10226
10238
1026
10262
10263
1028
10280
10318
10329
1033
10384
10395
10397
10399
10409
10410
10425
10430
10431
10437
10455
10457
10459
10473
10476
10477
10487
1051
10519
1052
10528
1054
10549
10555
10574
10577
10581
10591
10602
10616
10618
10623
10626
10635
10643
10644
10681
10682
1075
10762
10769
10776
10783
10791
10797
10806
10813
10856
10890
10892
109
10910
10920
10938
10963
10971
10983
11004
11014
11030
11034
1104
11047
11057
11065
11078
11079
11098
1112
11137
11140
11145
11168
11179
11222
112616
112770
112936
113115
113157
11331
11332
114655
115098
115207
115416
115548
116225
116447
116496
116841
116988
118429
1192
119559
120
1200
1212
121457
121642
122769
123803
123920
124446
124454
124944
124995
125150
126792
127018
127253
128
128061
128308
128387
1284
132
1340
134218
135228
1362
137392
1374
140603
140623
140739
140885
1445
1455
1457
1459
1460
146198
1466
146956
1476
1495
149951
150684
1508
1509
151011
151195
1514
152137
1523
1528
153222
153339
1535
153830
1540
1545
157378
157506
158
1601
1612
1615
1622
1624
1627
1645
1646
1650
168474
170622
170954
171023
1719
1728
1729
1786
1798
1808
182
1831
1847
1857
1869
1891
191
1948
196527
1968
1973
197370
1975
1992
1994
2000
200185
2004
200916
201161
2014
201973
2023
2030
203068
2034
204
2040
205
2052
2067
2098
2108
211
2146
2171
2184
219402
219654
220002
221184
221710
222068
2222
2224
2237
2260
2273
2280
22800
22803
22836
22856
22974
23016
23022
23048
2305
23062
23063
23071
231
23129
23136
23157
23158
23175
23176
23180
23191
23216
23234
23240
23246
23307
2335
23351
23370
23389
23395
23404
23406
23446
23464
23474
23480
23499
23518
23530
23549
23589
23603
23613
23625
23635
23636
23642
23657
23658
23705
24140
246737
2517
2519
252839
2534
2539
2542
2553
256586
25796
25798
25800
25804
25814
25824
2590
25911
25923
25932
25936
25941
25953
25976
25996
26010
26031
26060
26118
26147
2617
26190
26207
2621
2633
2643
26509
26524
2665
26985
26999
27086
2717
27242
27250
27292
27315
274
27429
2744
2745
2746
2760
2762
2821
283556
283635
284119
284336
285148
285343
285704
285958
286257
286410
2876
2879
28951
28969
28973
28978
28987
29015
2908
29081
29095
29097
29107
2934
2937
2950
2956
2971
2976
2987
29901
2992
29956
29968
30011
301
3014
302
3033
304
3052
3065
3068
307
30834
30851
3087
3093
3105
3106
3107
311
3133
3134
3135
3148
3159
317649
3187
3251
327
328
3303
3308
3314
3315
3323
3326
3332
334
3383
3385
3398
340061
3417
3418
3421
3423
3428
3431
3455
347735
347902
3482
3488
352290
353
353116
355
3597
359753
3600
3609
3611
3632
3654
3659
3669
3675
3678
3692
3704
3710
3725
3727
378938
38
3843
387522
388077
388132
388795
388962
389792
390251
391
3912
391256
3945
3956
3958
3959
396
3985
3992
4000
4005
400836
402676
4047
4048
4061
4067
406976
406991
4071
4074
4088
4124
4134
415116
4170
4171
4172
4173
4174
4175
4176
4201
4257
4267
427
4282
4288
435
4363
440275
441951
445
445815
4478
4494
4496
4502
4507
4605
4615
4616
4643
4664
467
4678
468
4696
4701
4708
471
4714
4715
4717
4722
4723
4725
4728
4750
4790
4792
481
4811
483
4830
4831
4832
4833
4839
4860
4864
4893
4898
4899
493
493856
4968
5034
5036
5054
50618
50865
5090
5093
5096
51022
51029
51042
51056
51082
51092
51096
51100
5111
51115
51126
51142
51192
51203
51248
51251
51253
51255
51263
51278
51324
51329
51367
51371
51433
51434
51465
51497
51514
51526
51592
51602
51614
5162
51649
51692
517
51809
52
5202
5245
5264
5270
5293
5328
5329
533
5358
5359
53827
53838
53938
541471
5420
5425
5436
5437
5439
54458
54467
54557
54602
54675
54919
54926
54935
54965
5499
550643
55075
55101
55127
55163
55165
55183
55215
55249
5527
55276
5532
55332
55352
55353
55450
5557
55573
55603
55630
55660
5567
55701
55720
55726
55752
55756
5578
5583
55839
55850
55856
55884
55905
56034
5607
5641
5654
56655
56672
56731
56829
56852
5691
56925
56931
56935
5696
5698
5699
57048
57085
57103
5714
57157
5717
5721
57217
5725
573
57407
57409
57478
57486
57493
57534
57542
57552
57590
57659
57674
5771
57819
581
5836
58476
58527
5859
5876
5880
5886
5889
5898
5901
5910
5912
5928
59342
59345
59349
5935
5936
595
595097
5965
5970
5984
5993
602
60386
604
60481
6051
6136
6158
6173
6183
6185
6197
6202
6227
6238
6241
6251
6281
6284
6303
6342
6382
63915
64116
641510
642
6421
6422
642585
6432
64359
643752
644
644936
645
645426
6464
646817
6472
64726
64754
64761
64778
64834
64859
64928
64968
64983
65005
650172
6502
65084
6509
65108
6541
6558
6573
6574
6596
65978
6605
6609
6624
6626
6633
664
6646
664618
6653
6659
667
6672
6678
6709
6722
6723
6749
6772
6778
678
6790
6817
684
6840
6880
6881
6888
6890
6892
6897
6929
693229
694
6950
6992
7001
7004
701
7019
7029
7040
7045
706
7076
7077
7078
708
7086
7106
7107
7114
7127
7132
7153
716
7163
7165
7167
7169
7187
7264
7267
7280
728098
7283
728380
7284
728568
728737
728782
728875
729013
729680
7329
7332
7351
7371
7374
7375
7407
7453
746
7468
7528
7532
7690
771
7716
7804
7837
7867
788
7884
79004
79022
79072
79090
79155
79174
79180
79232
79572
79621
7965
79682
79709
79733
79888
79892
80097
8073
8099
81037
8140
81539
81567
81618
81855
8209
822
8243
8263
832
834
83442
83591
83692
837
83787
83852
83862
83879
83939
84056
8406
8407
84159
84188
84236
84259
84270
84275
84293
84299
84300
84304
84319
84365
8445
84450
84515
8459
84617
84668
84681
847
84759
84798
84817
84833
84836
84916
84930
84946
84954
84955
84959
8502
8508
8519
8520
8531
85377
8544
85440
85463
85465
8553
8566
857
8574
858
8604
8611
8624
865
8662
8665
8675
8682
87
871
8717
8725
8728
8767
8819
8833
8837
8871
8878
8880
8882
8886
8894
8898
890
8905
8907
8942
896
897
8974
89797
8985
900
90135
90268
90378
9049
90522
9055
9060
908
9100
9111
9114
9124
9128
91283
91404
9141
9144
91582
9184
91942
91966
9204
92140
92181
9232
9246
9255
9261
9263
92856
9296
9314
93343
9343
93663
9404
9412
9444
9445
9446
9448
9470
9497
95
9500
9516
9521
9551
9555
9589
960
961
9618
9636
9637
9638
965
9659
9686
9697
975
9768
9791
9804
9805
9813
9815
983
9837
9862
9898
990
991
993
9933
9935
994
9948
9961
997
1000
100132984
10079
1009
10098
10152
10160
10184
10196
1021
10221
10228
10381
10478
10486
10493
10512
10513
10611
10627
10657
10771
10802
10914
10916
10962
10966
10970
10972
10979
11011
11015
11031
11072
1108
11080
11167
112942
11311
113246
11343
114049
114907
114991
115
115908
119032
1191
1203
123
123169
124641
124936
125988
1266
1277
1282
1290
129642
1312
1314
131566
133
133957
134957
1363
1397
140465
140606
140609
1454
1462
146223
148189
148327
1488
148867
1490
1500
150465
151507
152007
1525
1534
157680
157922
158293
1605
162394
1647
1666
1717
1739
1809
1846
1848
19
1936
1956
196528
1969
1978
1983
2017
2026
2048
2059
2064
207063
2119
2131
2132
2135
214
2149
2177
2194
2195
2200
221061
221749
224
2247
2274
2281
22837
22839
22859
22862
22884
22949
22980
22982
22998
23001
23065
23078
23089
23141
23164
2317
23174
23179
23189
23199
23271
23277
23301
23318
23321
23327
23328
23333
23345
23348
23362
23363
23387
23394
23420
23462
23463
23484
23516
23528
2355
23580
23596
23654
23670
23710
2495
2512
2531
253782
253827
255520
255758
25825
25847
25937
25945
25998
26035
26037
26053
26064
26137
2618
26227
26278
2632
26472
2653
266812
267
27032
27042
27075
27327
27336
27346
2764
2767
2778
2782
283209
283464
284058
285590
285761
28661
2869
2878
2887
29
29072
29085
291
2932
2941
29967
29970
30
309
3091
30968
3097
3176
323
324
3309
332
339123
3397
345645
3480
3487
3490
3491
351
3556
3572
359821
359845
3655
3667
3685
3688
3693
3712
3728
375790
376497
378
3831
388722
390
3913
3915
392
3920
3983
3987
3988
4015
4026
403
4052
4053
4082
4086
4087
4089
4094
4131
4162
4199
4204
4212
4233
4281
4297
4329
440
440672
4495
4591
4628
4638
4646
4651
4677
4716
4775
4781
4837
490
4925
501
5033
5037
5048
5066
5074
50808
5087
5099
51
51095
51155
5116
51186
51232
51306
51330
51363
51390
51400
51669
51704
51742
51762
5203
5213
5214
5217
5218
523
5238
5289
5327
5352
5376
54443
5445
54462
54480
54505
54542
546
5467
5480
54874
54890
54902
54961
55015
55031
55076
55323
55342
5547
55636
5573
55740
55757
55829
55830
55845
55893
55930
55959
5597
55970
55973
56204
5621
56255
5627
56271
5692
5693
56951
57037
57120
57148
57182
5728
57509
57522
57561
57584
5768
5770
5782
5792
5796
5797
5805
5814
5817
58528
5868
5877
5911
5937
5954
5955
5980
6009
6196
6231
63027
6310
6341
63826
6383
6385
6386
63979
64147
6443
6448
645317
6461
6470
64746
64759
6480
64801
64854
649
650
65018
65056
65265
653464
653501
653653
653888
657
6594
65981
6638
6647
6648
6651
6652
6654
6655
6711
6713
6844
687
688
6925
6935
7009
7025
7026
7035
7042
7050
7052
7057
7074
7082
7088
7091
71
7105
7126
7168
7204
7249
7262
7270
728340
728776
7296
7319
7322
7422
7431
7466
7474
7525
7620
7750
7791
780
79071
79095
79139
79142
79143
79158
79183
79832
7991
800
801
80228
80781
808
8091
811
813
81555
81566
81572
81671
81831
81889
8270
8301
8321
8339
83871
83877
8396
84064
84168
84266
8434
84513
8455
8476
84893
84904
84962
84976
8500
8507
8543
8555
8572
8573
861
8613
8614
8621
8655
8702
8760
8795
8828
8829
8836
8848
8874
8877
8933
894
8971
89796
90
9019
90317
90488
9069
90799
9107
9112
9123
9200
9202
9231
92370
9260
9289
9315
9334
9411
94241
9454
9456
9522
9554
9590
9645
9653
966
967
9683
9689
9736
9761
9780
9819
9891
9962
999
10000
10010
100130176
100132406
100133121
100288490
100289019
10048
10066
10087
10106
10142
102
1027
10282
10283
10314
10330
10346
10363
10404
10447
10472
10479
10484
10491
10550
10565
10605
10640
10659
10724
10725
10726
1073
10735
10765
10787
10857
10927
10935
10947
10950
10955
11010
11108
11118
11138
11142
11152
11198
11212
11214
11215
11230
11231
11244
11252
11260
1130
113146
113419
114793
114882
114908
115106
115294
1153
116064
116150
116254
116461
117178
120534
121053
121536
122416
122786
122953
123606
123811
124540
126017
126626
126731
127262
128077
128637
129285
130074
130355
131474
132299
132864
133383
133746
134145
134266
135293
137682
138199
1389
139818
1429
142913
142940
143279
143884
143888
144108
144348
144363
144402
144455
145173
1452
1453
145853
1465
147007
147339
147991
1486
148789
149934
150468
151188
151194
151613
152006
152485
153241
153364
154807
155370
157313
157769
158358
160335
1604
160760
161742
162073
162681
163081
1635
166929
167227
169200
170463
1730
1806
1836
1843
1955
195827
195828
196
196383
1965
200894
2012
201595
2029
203069
2054
2058
2060
2091
2114
2181
2182
219854
220729
221035
221037
221294
221895
222236
22823
22838
22841
22872
22876
2288
22890
22902
22903
22906
22907
22919
22921
22929
22931
22992
23012
23013
23015
23019
23032
23034
23047
23052
23064
23077
2309
23095
23111
23112
23118
2313
23137
23142
23167
23172
23177
23200
23201
23219
23230
23243
23258
23259
23272
23287
23299
23300
2332
23338
23369
23405
23429
23433
23435
23443
23451
23466
23468
23476
23479
23522
23527
23543
23598
23608
23673
23683
23731
23741
23760
2530
253959
254427
2547
257415
2581
25820
25831
25832
25843
25864
25888
25898
25902
25912
259230
25957
25959
25983
26009
26054
26065
26091
26092
26122
26127
26135
26156
262
26224
26234
26511
2664
2669
2673
26747
26806
26959
27125
27161
27252
2729
2734
27347
2770
2776
2820
283742
284106
284273
284288
284611
285203
285237
285550
285855
286101
286144
286148
28962
28970
28982
29066
29087
29128
29843
29887
29940
29952
29969
29997
30061
3070
3096
3184
3189
3206
3275
3298
3327
3336
3340
339287
339324
339745
348235
3489
3516
359948
360023
3653
3716
3717
378708
3796
3837
3845
387263
390980
3925
394
3953
3964
3995
400506
4013
401548
404636
404734
4054
4077
4121
4141
4154
4189
4208
4216
4217
4286
439921
440145
440400
4430
444
4534
4548
4603
4609
4659
4668
4681
4690
4713
472
4735
4763
4774
4779
48
4800
4853
4907
493753
493869
4942
4947
49854
50807
50810
51028
51060
51091
51111
51141
51170
51174
51230
51239
51249
51256
51260
5128
51309
51315
51322
51347
51362
51366
51375
51377
5142
51474
5151
51510
51527
51528
51534
51566
51575
51605
51611
51635
51646
51727
51763
5253
5286
5290
5295
5305
5311
5361
5371
5378
53918
5412
54165
54407
54434
54453
54469
54477
54543
54664
54681
54726
54737
54751
54764
54780
54822
54832
54841
54910
54916
54925
54940
54976
54985
55000
55074
55186
55193
55196
55198
55251
55274
552891
55291
5530
55325
55331
55454
55559
55568
5558
55601
55605
55608
5562
55629
55681
55700
55704
55705
55745
55749
55750
55754
558
55827
5584
55904
55914
5594
55958
55968
5604
56261
56888
56907
56919
56938
56940
56941
56990
57045
571
57102
5711
57129
57142
57178
57181
57205
57403
57415
57465
5747
57494
57515
57532
57539
57544
5757
57589
57600
57606
57619
57620
57630
57720
57724
5781
5813
58190
5824
58489
585
58508
58516
586
5862
5872
5885
5892
5903
5921
5925
594837
5962
5981
599
6016
60485
60674
6083
6093
619564
6240
6249
6301
6302
6319
6322
63939
64114
64121
641638
64225
642273
64236
6427
643155
64327
64332
643790
643911
64400
64418
644214
64434
644589
644619
6451
6453
646140
64645
647087
64710
64750
64756
64764
64766
64769
64781
64784
647979
64924
6515
65220
654340
659
6595
65982
66008
66036
6687
6731
6732
6738
6744
6782
6815
6867
6885
6907
6934
6938
6945
7013
7024
7030
7046
7048
7072
7095
7110
7128
7220
7277
727957
728938
729533
729630
7320
7325
7357
7389
7414
7534
7570
7572
7644
768211
7692
7697
7707
7779
7799
7832
7840
7846
79027
7905
79068
79086
7913
79607
79699
79768
79780
79876
79901
7994
79960
80018
80055
8019
80204
80205
80212
80232
80267
80314
80315
8036
80821
80824
80829
8087
81573
81606
81631
817
818
81846
8202
8204
8239
831
83593
83604
83742
83892
83930
83941
83989
84060
84079
84108
84131
84142
84146
84191
84230
84280
84284
84294
84318
84333
84376
84437
84441
84460
8450
8451
8452
84520
84527
8454
84640
84656
84674
84803
84886
84910
84912
84918
84919
84925
84932
84937
85012
85028
85453
8560
8565
8567
8623
8648
8660
8672
8674
868
8723
8732
8763
8766
8773
8776
8826
8835
8853
8879
8925
89910
901
90102
90381
90410
90411
9043
90459
90550
9057
90576
9061
90806
91
9110
91351
91452
91624
91746
91754
9180
9181
9208
9209
92344
9236
92482
92579
92667
92689
9270
92703
928
92906
92912
9299
93183
9337
9341
93627
9397
94101
94239
9453
9467
9474
9475
9488
955
9570
9583
9611
9648
9652
9655
9703
9706
9709
9747
9749
9765
9792
9857
9859
9874
989
9908
9910
9931
9950
9958
996
9975
9991
100131471
100131785
100133299
100133322
123346
124245
131965
136319
148413
150678
152815
164022
220112
220869
286016
29964
340335
389137
389705
390806
407835
440292
440600
503646
51479
54043
54606
54625
57461
6142
6144
642311
643873
645954
646214
646784
64745
64921
6726
727758
728131
728931
729176
7617
10006
100093631
100101267
10011
100128062
100128731
100128836
100131801
100132999
10016
10024
100287932
10063
10116
10131
10137
10189
10190
10193
10195
10206
10209
1022
10286
10299
10360
10362
10365
10413
10428
10432
10469
10471
10494
10522
10541
10554
10572
10573
1058
1059
10617
10654
10664
10730
10732
10768
10772
10845
10899
10922
10928
10943
10944
10975
11059
11102
11130
11156
11171
11196
11224
112574
11258
11259
112611
11270
11277
11282
112849
112970
113130
11322
113251
11339
113829
114971
116028
116236
1163
116540
118460
118472
1195
1207
1213
121665
123283
124512
124801
126003
126328
126789
127687
127703
131118
131616
131870
132720
1329
133619
1337
1353
1355
137964
140735
140775
140809
140838
1431
1432
143458
144245
144438
144581
145553
146909
147841
149175
150223
150864
151230
151903
153396
154791
155061
155435
159013
1595
16
1603
161
163126
164
1663
168451
1781
1802
1827
1841
1859
1876
1933
1937
1964
1974
1977
1984
201254
201965
205251
2071
2101
2189
219333
220594
220717
220988
221545
221908
221960
2261
22818
22822
22828
2289
22928
22936
22950
22984
23
23030
23039
2308
23185
23190
23204
23241
23265
23291
23347
23376
23392
23401
23450
23478
23511
23513
2353
23534
23560
23564
23585
23587
23609
23786
23788
246112
2521
253461
253725
254102
2548
2551
255812
25764
25778
25792
25873
25875
25909
25921
2593
25940
25977
25994
26001
26005
26039
26043
26097
26268
26276
2647
26521
26528
26586
26995
27068
27101
27316
27338
2747
2752
2787
2810
282809
283131
283232
283578
283989
284184
285359
285521
285527
285636
285989
286052
2872
2874
28956
28974
28991
29082
29086
29117
2923
2926
293
2954
2966
29896
29927
29934
3006
3069
3094
3145
3150
3183
3190
3191
3265
3280
3297
3304
3376
339229
339230
339231
339290
3419
3420
348793
353376
3703
3726
374291
374659
375449
375757
381
3833
3835
3836
3838
3840
387328
387680
387893
388
388610
388677
388789
389
389203
389541
390354
390916
3921
3927
401504
403341
408050
414777
4149
4234
4276
4277
4351
440574
441899
442497
4521
4666
4670
4707
4710
4718
4724
4729
473
4736
4758
4783
4799
4801
4841
4863
4869
4913
50848
50854
51014
51024
51070
51078
51079
51121
51124
51164
51181
51202
51218
51244
51271
51293
51304
51372
51428
51441
51463
51466
51520
5154
51545
516
51603
51616
51631
51647
51667
51690
51714
51720
51741
5184
521
5223
528
5281
5298
53349
5339
5366
5379
539
54014
5424
5431
5441
54461
54478
54535
54537
54539
54583
54663
54680
5478
5479
54801
548645
54877
54882
54888
54906
54928
54930
5495
54958
54998
55038
55039
5504
55041
55052
55071
55132
5514
55140
55149
5515
55161
55168
55239
55245
55257
55270
55272
55280
552889
55290
55308
55388
55437
55449
55599
55651
55735
55739
55766
55795
55814
55872
5605
56267
5664
56850
56889
56900
56910
56986
56993
5700
57003
5701
5702
57026
5706
57092
57169
57189
57215
57291
57396
57456
57473
57508
57559
5756
57563
57583
57591
57602
57666
57679
57693
57696
57761
57787
5827
5829
58478
5861
5867
5869
5879
5884
5894
5899
5902
5906
5908
5934
5983
5987
60
6046
60491
6050
60528
60558
60561
6100
6124
6125
6128
6129
6132
6133
6134
6135
6138
6139
6143
6147
6150
6152
6155
6157
6159
6160
6161
6164
6167
6169
6176
6182
6187
6188
6189
6201
6203
6204
6205
6207
6209
6218
6222
6223
6224
6230
6232
6234
6235
6259
637
6391
6392
63922
6396
64087
64110
64112
6418
64207
642236
642869
643253
64343
64396
644019
644096
64426
64682
64771
64777
6478
64795
64853
64949
64975
64979
6500
65003
65110
65125
651250
6525
652968
653226
653252
653450
6535
653519
653659
653784
65990
6602
6606
6607
6625
6627
6628
6637
6670
6727
6728
6748
6767
6832
6834
6835
6838
6845
6873
6874
6891
6895
6902
6917
6921
6941
7014
7083
7090
7117
7171
7259
728179
728489
728554
728689
728833
728932
729082
729163
729852
729948
730052
7323
7341
7386
7388
7390
7417
7458
7465
7531
7538
754
7559
767557
7702
7756
7795
7812
7873
78994
78999
79002
79005
79019
79026
79034
79077
79078
7917
7919
7920
7936
79441
79447
79660
79697
79710
79718
79720
79791
7982
79868
79897
79921
79956
80006
80025
80060
80119
80139
80324
80335
80775
81533
81552
81609
81611
81620
81669
81689
81892
81926
8227
8260
8293
8315
8318
8334
83596
83640
83667
83719
83940
84084
84126
84133
84240
84265
84274
84285
84298
84305
84316
84321
84326
84331
8438
8449
84516
84522
84619
84705
84707
84722
84726
8487
84876
84928
84933
84950
84975
8498
84988
84992
85002
85014
8517
85236
85315
8535
85365
8539
85406
8570
8615
8629
8636
8673
8721
873
8731
8790
8815
8816
8818
8870
8890
899
90120
90196
9039
9045
90480
9070
90843
90864
9088
9125
91272
9134
9139
91408
9145
91614
91689
9189
9197
92002
92715
9274
9277
9284
92935
93081
93100
93129
9317
9349
93622
9401
94107
9416
9440
9442
9443
9491
9520
9553
9612
9631
9632
9639
9656
9669
9675
9724
9733
9741
9781
9782
9784
9789
9790
9794
9798
9802
9869
9877
9878
9894
9913
9939
995
998
10007
10015
100188893
10036
10057
10061
10067
10072
10101
10134
10138
10140
10144
10147
10150
10155
10169
10180
10181
10194
10197
10217
10236
1024
10241
10252
10260
10270
10284
10296
10298
10300
10311
1039
1040
10421
10422
10423
10424
10443
10445
10450
10452
10465
10467
10480
10482
10492
10498
10524
10525
10526
10534
10542
10552
10558
10564
10567
10606
10613
10625
10628
1063
10645
10651
10668
10695
10721
10733
10755
10775
10801
10809
10897
10898
10904
10906
10921
10952
10953
10954
10956
10973
10992
11017
1105
11060
11100
11112
11120
11127
11218
11221
11234
112483
112495
11257
112752
11284
113
113263
11329
11334
11336
11337
11340
113444
114883
114915
114926
116068
116092
1161
116985
1175
117584
118424
118924
119504
1209
121274
122525
122553
123016
123036
123096
124222
124808
125228
125476
127544
128240
128866
1315
131544
1317
1327
134429
137492
137886
1390
1399
140576
140890
140901
143
1434
143684
146050
1471
147179
147923
1487
1491
149371
1512
152217
152579
153443
157285
158219
159090
1629
162967
163786
1639
1642
165324
1655
1657
1659
1676
168374
170384
170960
171546
1716
1727
175
1778
178
1783
18
1856
1861
1875
1892
192669
1938
197131
1979
200576
200845
200933
201562
201627
201931
2021
203523
2037
205327
210
2130
2186
2193
219988
22
221178
221302
221477
2217
222166
222484
226
22794
22809
22850
2286
22877
22883
22909
22911
22913
22920
22938
22990
23008
23014
23028
23033
23042
23049
23061
23074
23076
23097
23119
23126
2316
23160
23165
23168
23170
2319
23195
23196
23203
23211
23212
23215
23231
23244
23253
23262
23279
23304
23306
23310
23317
23350
23353
23355
23360
23381
23382
2339
23423
23424
23438
23471
23483
23524
23531
23556
23557
23586
23588
23593
23637
23645
23660
23678
23774
23787
253260
253714
255967
256987
257218
257397
25782
258010
25829
25840
25844
25852
25853
25855
25871
25874
25897
25904
25920
25938
25948
25962
25963
25966
26003
26017
26019
26020
26046
26057
26058
26088
26090
26157
261726
26175
26255
2639
26503
26608
266655
267020
26751
26872
26953
26994
27000
27005
27013
27020
27102
27107
27109
272
27241
27332
27335
27339
27348
27351
2799
2803
2804
2805
283237
283431
283489
284018
284361
285362
285464
2885
28960
29058
29099
29102
29115
29127
2935
2962
2975
29789
29893
29899
2990
29914
29915
29916
29920
29926
29929
29950
29959
29960
2997
29994
3020
3032
3035
306
308
30827
3098
310
3140
3146
3155
3156
3181
3192
3276
329
331
3312
3329
3337
339175
340252
3459
3570
36
3607
3661
37
3709
372
373156
3735
374354
375056
375743
3775
377677
384
3842
387882
388272
391356
3916
3949
399979
400
400916
401152
401505
403313
4090
4140
414327
4144
4179
4193
4218
4238
4245
4258
4287
4289
4343
4357
440026
440944
441024
4520
4580
4602
4627
4650
4682
47
4704
4726
4731
4733
476
4802
4820
4850
4904
492311
4924
4928
497661
498
50
5007
5018
5050
5058
506
5062
50640
50717
50814
50862
5092
5094
51001
51009
51011
51016
51065
51073
51094
51106
51109
51110
51116
51117
51119
51143
51144
51150
51187
51194
51228
51241
51246
51250
5127
51275
51279
51280
51283
51287
513
51303
5134
51374
51386
51397
51426
51451
51455
5147
51523
51530
51535
51538
51567
51569
51585
51593
51594
51596
51619
51659
5170
51735
51747
51752
51755
51776
51805
5194
5195
5204
5216
5226
5230
5269
527
5277
5297
5355
53635
5373
538
5387
53981
5422
54386
54414
5442
54439
54442
54454
54464
5447
54475
54495
54517
54520
54585
54629
54665
54676
54704
54741
5476
54778
54802
54819
54821
54840
54842
54849
54872
54876
54880
54915
54918
54929
54946
54953
5496
54962
54968
5500
55006
55023
55027
55035
55037
55082
5510
5511
55110
55125
55131
5518
5519
55197
5520
55209
55212
55219
55226
55230
55246
55250
55252
5531
55326
5533
55337
55339
55347
5536
55379
554203
55486
5550
55505
5552
55526
55529
55536
55578
5564
55646
55656
55671
55689
55692
5570
55706
55707
55717
55718
55723
55727
55737
55738
55743
55758
55761
55763
55775
55781
55810
55818
55824
55852
5586
55863
55900
55907
55916
55920
56005
56252
56270
56339
5635
56616
56647
56882
5689
56902
56942
56984
56987
56995
57002
57018
57062
5708
5709
57095
5710
57122
57132
57149
57162
57175
57179
5718
57184
57223
57226
57406
57414
57459
57466
57488
57496
57498
57506
57533
57541
57560
57587
57634
57647
57678
57680
57721
57820
57862
580
5810
58155
5831
5832
58485
58488
5887
5926
5927
5976
5985
6001
60313
60673
60684
60685
6141
6146
6184
6198
6217
6237
6253
6282
63875
6397
6400
64118
6414
6416
64282
6429
6430
64318
6433
643837
64397
64398
64417
64420
64429
6446
64689
64743
64747
64848
64863
64943
64946
65057
65083
6520
6526
6576
65979
65991
65996
66005
6603
6611
6612
6619
665
6667
6683
672
6721
6729
6730
6734
6746
6809
6810
6814
6830
6878
689
6936
6996
7037
7073
7145
7158
7159
7175
7182
7203
7248
7266
728153
729540
729967
730029
7307
7317
7327
7334
7337
7342
7355
7360
738
7402
7405
7416
7419
7421
7430
7514
7520
7533
7555
7586
7594
7763
7775
7874
7879
78996
79031
79033
79050
79081
790955
79101
79137
79171
79228
79269
79443
79581
79595
79602
79622
79631
79647
79665
79676
79717
79811
79837
79848
79893
79902
79939
80017
80142
80173
80208
8021
80219
80227
80254
80279
80298
8030
80306
80321
80331
80344
80347
80727
80762
80777
80789
80817
81
81565
81608
8161
81790
81876
81887
81894
8192
81931
8208
821
8226
826
829
8295
8303
8310
8314
83440
83451
83549
83606
83608
83737
839
83986
84002
84058
84061
84062
84065
84078
8409
8411
84132
84140
84162
842
84260
84263
84273
84279
8428
84282
84296
84320
84336
84337
84340
84343
8439
8440
84458
8446
84661
84669
84693
84720
84878
84881
84901
84945
84967
84981
84986
85015
8518
85460
8554
8559
8563
86
8602
8603
8634
8658
8659
8664
8678
8697
8727
8733
8761
8774
8780
8867
8881
8895
8935
89978
902
90355
90379
9040
90407
9052
9053
90637
90693
90826
90956
91057
9129
9136
91433
9146
91603
91612
9169
91801
91833
9212
9213
9217
9218
92305
92400
9252
9267
9276
9324
9338
93487
9354
9360
93621
93624
9375
9439
9518
9527
9528
9531
9533
9550
9552
9556
9557
9577
9616
9643
96459
9646
9666
9667
9688
9690
9692
9693
97
9700
9702
9735
9766
977
9775
9776
9777
9779
9816
9818
9830
9836
9847
9871
9873
988
9889
9903
9917
9919
9921
9927
9943
9960
9972
9978
9989
9993
10001
100133941
10019
10026
10038
10051
10056
10059
10069
10073
10092
10093
10094
10096
10097
10111
10120
10128
10146
10153
10159
10165
10175
10179
10198
10204
10205
10210
10237
10239
10240
10247
10248
10250
10254
10269
10273
10274
10276
10277
10285
10291
10294
10295
103
10301
10302
10308
1031
10327
10336
10342
10370
10376
10383
103910
10403
10412
10419
10426
10427
10434
10436
10440
10449
10456
10460
10463
10464
10474
10475
10483
10490
10523
10527
10533
10535
10539
10540
10548
10556
10559
10561
10569
10579
10589
10592
10594
10598
1060
10600
10607
10608
10614
10615
1062
10632
10641
10652
10653
10658
10670
10671
10672
10678
1069
1070
10712
10713
10714
10717
1072
10728
10745
10746
10767
10778
10785
10788
10799
10808
10827
10844
10884
10885
10905
10907
10908
10915
10923
10926
10933
10934
10939
10945
10946
10949
10951
10960
10961
10978
10980
10981
10982
10985
10987
10989
10994
11044
11046
11051
11052
11056
1106
11073
11083
11091
11097
11104
1111
11116
11128
11143
11157
11160
11161
11164
11169
11177
11180
11183
11188
1119
11201
11235
11236
11243
112487
11253
11261
11266
11267
112724
11276
112840
112858
112950
11313
11315
11316
113174
11319
11333
11335
11338
113402
11342
11345
113510
113655
114294
114327
1147
114825
114885
114932
115024
115209
115353
115426
1155
115509
115752
115939
116138
116228
117177
117246
1173
1176
118
1182
118487
118980
119392
119710
1201
120103
121260
121441
122704
122961
123207
123263
124491
124637
126382
1265
127281
127933
128338
128869
129138
129401
129531
129831
130507
130872
131076
1316
132320
132949
133015
133686
134359
134430
134492
1345
134510
134553
1347
1349
1350
1351
136647
1376
137695
138241
138428
1385
1386
138716
139231
139322
1398
139886
14
1407
140707
142
143384
144165
144577
145389
1456
146923
147184
1478
1479
147929
148156
148423
148932
149041
149420
150274
150275
151246
151525
151636
151648
151987
1520
152100
152503
152518
152559
153129
153527
1537
154467
154743
157567
157570
157638
158747
159
160418
160897
1611
163
1632
163859
163882
1653
1654
166
1660
166785
166968
1678
170506
171586
1718
1725
1736
1737
1738
1819
1839
1854
1894
1912
192670
1939
196294
196441
1967
1981
1982
199692
1997
1998
199857
200895
201266
2013
201725
201799
202018
2033
203427
203547
204851
2050
205428
205564
205717
2063
207
2073
2079
2107
2109
2110
2145
2150
217
2180
2187
2188
219541
2197
219749
219771
219844
219927
220042
220134
221120
221150
221154
221443
221656
221830
221927
222194
2230
223082
2235
2271
22827
22834
22863
22868
22875
22878
22882
22887
22889
22898
22908
22930
22934
22944
22948
22976
22995
23002
23011
23020
23023
23029
23035
23036
23041
23075
23080
23091
23099
23107
23116
23122
23131
2314
23155
23161
23171
23193
23197
23198
23210
23214
23225
23256
23270
23294
23312
23313
23325
23344
23352
23358
23379
23390
23397
23398
23411
23412
2342
23421
23456
23469
23473
23481
23503
23515
23517
23521
23548
23568
23582
23590
23592
23594
23595
23597
23607
23647
23649
23753
2395
24137
24145
24148
246175
246243
2483
2491
25
253558
253832
253943
254170
254251
254863
255252
255488
256356
256471
25788
25793
2580
25816
25821
25828
25836
25842
25845
2585
25865
25879
25886
25896
25906
25913
25914
25915
25917
25926
259282
25929
25934
25942
2597
25972
25978
26036
26061
26073
26098
26099
26100
26121
26128
26130
26136
26155
26168
26225
26229
26258
26260
26262
26263
26269
26271
26273
26275
26284
26292
2631
2634
2635
26354
26355
26502
26512
26515
26519
26520
26574
26589
26750
2677
26973
26986
27018
27034
27044
27067
27085
27095
27131
27163
2720
27229
27235
27236
27243
27247
27249
27258
2730
27300
27309
27340
27341
2739
27430
27436
27440
2773
2783
2790
2800
280636
282991
283951
283991
284040
284098
284996
28511
285172
285367
285381
285440
285672
286053
286451
286827
2870
2873
28972
28976
28977
28985
28989
28998
29028
29035
2907
29078
29079
29080
29088
29089
2909
29094
29098
29101
29103
29110
29116
292
2936
2958
2959
2960
2965
2969
29761
29766
29796
29803
29855
29880
29883
29889
29894
29902
29904
29922
29923
29945
29966
29978
29979
29982
30000
30001
3015
3028
3030
3066
3074
30836
30844
3099
31
3149
3151
3161
3163
3178
3182
3185
3188
3241
3267
3281
3295
330
3301
3313
3320
337867
339448
339487
34
3416
3422
3454
345757
3475
3476
347734
353322
3550
3551
3554
3588
3612
3615
3638
3646
3658
3682
3708
3720
373
374882
374969
374986
375
375444
375484
377
3799
382
3839
3858
387
387103
3875
387921
388403
388650
388753
388969
3895
39
3930
3939
397
3978
3981
399687
3998
4001
400569
401397
401466
402
405
4076
4085
4092
4116
412
4122
4125
4152
4190
4191
4200
4205
4214
4221
4232
4236
4259
4285
4292
4299
4331
4338
4358
4361
441194
4436
4437
4501
4522
4552
4594
4601
4644
466
4673
4676
4683
4686
4691
4694
4695
4698
4702
4706
4711
4719
4720
4738
475
4751
4771
4780
4835
4836
4848
4891
4905
4926
4927
493911
494143
4946
4953
4957
4976
49855
49856
4998
5001
5019
5025
50484
50515
5052
5073
5082
509
50999
51000
51002
51010
51012
51018
51019
51020
51021
51026
51030
51031
51035
51053
5106
51068
51071
51074
51075
51076
5108
51084
51097
51099
51103
51105
51108
51118
51122
51123
51128
51133
51136
51138
51147
51154
51160
51163
51167
51175
51182
51185
51188
51193
51199
51201
51204
51227
51231
51247
51264
51274
51282
51290
51292
51295
5130
51300
51307
51317
51319
51320
51321
51335
51340
51351
51368
51373
51379
51382
51388
51398
514
51406
51421
51429
51430
51439
5144
51444
51447
51449
51491
51493
51495
51496
515
51501
51503
51504
51506
51507
51512
51522
51524
51542
51552
51573
51574
51582
5160
51601
51604
51629
51633
51634
51637
51639
51642
51650
51651
51652
51657
51660
51663
51691
51696
51699
51701
51706
51715
51719
51728
51729
51734
51765
51773
51780
51808
5189
5198
5211
5229
5236
5250
5257
5279
529
5291
5300
5303
5306
5315
53339
53340
5337
53371
5347
535
5351
5356
537
53834
53917
5393
5394
54059
54069
5411
54149
541578
54187
5423
5427
5432
5433
5434
54431
54432
54460
54468
54471
54482
545
54502
54522
54529
54534
54536
54545
54552
54555
54556
54617
5464
5469
54700
54708
54733
54765
54788
54793
54800
54808
5481
54812
54815
54820
54838
54851
54859
54878
54881
54892
54899
549
54904
54908
54920
54927
54931
54934
54936
54939
5494
54947
54948
54949
54955
54981
54982
54984
54994
54995
550
55002
55003
55005
55011
55012
55013
55017
55032
55062
55069
55081
55100
55109
55114
55119
55120
55142
55143
55144
55146
55148
55151
55157
55159
5516
55166
55167
55170
55173
55174
55178
55179
55180
55181
55204
55207
55210
55216
55236
55247
5525
55256
55269
55278
55279
5528
55284
55288
5529
55293
55294
55297
55299
55312
55320
55322
55327
55330
55333
55334
55341
55355
55364
5538
55421
55422
55425
5546
55500
55527
55556
55571
55572
55577
55588
55589
55591
55596
55602
55621
55622
55623
55625
55627
55631
55632
55635
55652
55654
55658
55664
55669
55677
55687
55696
55699
55703
5571
55729
55732
55744
55746
55748
55759
5576
55768
55769
55773
55776
55783
55788
55789
55791
55794
55802
55813
55831
55832
55833
55837
55841
55847
55854
55857
55858
55860
55862
55869
55892
5591
55922
55969
55972
55975
5601
56052
56061
56180
56254
56257
56262
5631
5634
5636
5660
56650
56652
56674
56681
567
5682
5683
5684
5685
56851
5686
5688
56890
56898
5690
56912
56915
56916
56929
5694
56943
56945
56947
5695
56950
56965
56985
56992
56994
57019
57035
5705
57050
57082
57099
57107
57117
57128
5713
57130
57147
5715
57153
57180
57187
5719
572
5720
57222
57231
57325
5734
5738
57405
5743
57448
57470
57472
57489
57510
57511
57531
57568
57599
57614
57645
57650
57655
57665
57673
57695
57698
57700
57703
57704
57708
57727
57763
57798
57804
57826
5791
5825
5828
583
58477
58480
58487
58490
58497
58515
58517
58533
5860
5870
5873
5888
5905
5917
5920
5930
59307
5931
5932
5933
59343
594
598
5982
5997
60343
6038
60412
60436
60487
6049
60492
60496
60509
60559
60560
6059
60592
60626
60682
6117
6119
6120
6130
6156
6166
6168
617
6171
6175
6181
6191
6193
6194
6210
6228
6229
6256
6294
6307
6389
63916
63917
63920
63931
63933
64062
64083
64089
64105
6415
64151
64210
64215
64216
64219
64222
64224
6426
6428
64326
64328
6434
64393
64395
64412
64419
64421
64425
64430
64431
64432
64744
6477
64770
64783
64785
64786
64841
64844
64855
64858
6491
64951
64960
64963
64965
64969
64981
65008
65059
65080
6510
65109
65117
65244
65264
654364
654483
6566
6597
65977
65983
6599
65993
6601
6613
6617
662
6629
6631
6632
6635
6636
6642
6643
6675
669
6717
6733
6741
6742
6745
6747
675
6760
6774
6777
6780
6787
6788
6793
6812
682
6836
686
6868
6877
6879
6882
6883
6905
6924
6949
699
6990
6993
7027
705
7064
7084
7109
7112
7150
7155
7157
7162
7174
7178
7181
7184
7205
7247
7251
7257
7260
7265
7268
7272
7290
7295
7298
730094
7311
7314
7321
7324
7336
7347
7353
7358
7372
7376
7378
7385
7398
740
7403
7415
7443
7444
7469
7485
7486
7494
7511
7518
7529
7536
7542
7543
7553
757
7596
7639
7705
7738
7743
7748
7752
7764
7803
7866
7871
78988
79003
79020
79029
79039
79042
79048
79073
79084
79134
79135
79145
79159
79184
79188
79567
79573
79576
79577
79590
79596
79609
79624
79634
79657
79664
79666
79670
79672
79675
79677
79694
79701
79707
79711
79728
79736
79738
79752
79763
79770
7979
79796
79829
79830
79866
79882
79912
7993
79968
79971
79980
79982
80010
80013
80135
80143
80146
80155
80179
80196
80209
80213
80218
80223
80230
8027
80273
8028
80308
8031
80318
80349
80381
805
8050
80746
80755
8079
80790
80854
80856
8089
80895
8106
8125
81502
81537
81545
81554
81556
81558
81579
81603
81610
81614
81627
8165
81688
81844
81847
81875
819
81929
81930
8195
8214
8228
823
8237
824
8241
8289
830
8323
833
8338
83443
83460
83461
83479
835
83548
83594
836
83605
83636
8364
83641
83658
83666
83732
83746
83860
83931
83932
8402
8405
84057
84081
84102
84128
84129
84135
84153
84154
84172
84186
84187
84196
84232
84233
84245
84246
84247
84248
84250
84267
84272
84287
84311
84312
84314
84317
84324
84328
84342
84418
8443
84455
84498
84524
8453
84545
84549
8467
84678
84749
8479
84790
84792
8480
84816
84823
84864
84869
84888
84897
84899
84908
8491
8493
84934
84938
8496
84961
84987
85007
85013
8504
85313
8533
8540
85403
8545
8546
8562
8575
8635
8650
8661
8666
8669
8683
8703
87178
8720
8726
8737
8743
8775
8799
8802
8805
8813
8824
8841
88455
8847
8850
8872
8883
8884
8887
889
8893
8896
8899
891
8914
892
8930
8932
8934
8943
8975
89845
89890
89891
89894
89970
9015
90231
90321
90390
9044
905
9054
90580
9063
90701
90861
90871
9092
9093
9097
9101
91137
9117
91252
9126
91298
9130
9135
9140
91419
9147
91574
9158
91647
9166
91663
91664
9167
91687
9183
91860
9188
9191
92106
9221
92259
9238
92399
9240
92597
9275
92806
9282
9295
9306
93134
9319
9320
9325
9326
9330
93323
93380
93594
9361
9364
9367
9368
9371
9373
9377
9380
9382
93974
9403
9406
94081
9410
94103
94104
94134
9414
9425
9451
9477
9482
949
9493
950
9517
9519
9525
9526
9529
9532
9538
9540
9541
9559
9562
95681
9581
9582
9584
9585
9588
9592
9650
9657
9663
9673
96764
9685
9694
9695
9698
9710
9711
9716
9728
9774
9786
9793
9797
9801
9812
9817
9821
9841
9849
9852
9861
9867
9868
987
9879
9882
9885
9897
9904
9918
9922
9926
9928
9929
9946
9949
9969
9976
9984
9987
9988
9994
9997
10102
10289
10782
11041
11193
11275
113201
114876
122830
124565
132001
140823
1662
221
222658
23367
23505
23506
23558
25813
259266
25979
27069
27089
27166
284695
2896
29074
29105
3460
348654
3628
4043
4247
4528
4697
4700
4712
50813
51081
51130
51184
51234
51399
51645
51668
54148
5438
5440
54499
54541
55255
553115
55585
55661
55851
5589
55967
56913
5704
57380
57418
57570
587
60493
6118
6122
6165
6388
64755
6598
6827
6856
7071
7326
7343
7381
7844
79009
79023
79074
79663
79833
79886
79903
8065
80700
8317
84085
84105
84650
8473
84890
84896
8668
8772
8992
91947
92675
9409
9419
9601
9647
10084
10313
10438
10667
10694
1102
11068
11103
11124
112812
11285
1164
118987
124583
1519
163049
1723
1777
1845
23054
23173
23640
255919
26517
27349
28957
29090
2961
29980
3021
3832
387338
4734
4809
488
51134
51389
51454
51562
51768
5191
522
53343
54205
54433
54512
55004
5501
55093
55108
55145
55233
5537
5606
5612
56997
57001
5716
57326
57621
57688
58493
58505
59286
6047
6390
64065
64135
64976
65062
65992
663
6715
6944
7263
7316
7541
7574
7818
790
79109
79154
81034
81542
81853
83607
840
84268
84306
84313
84844
85437
8607
8667
867
8724
8738
8804
88745
8891
89122
90624
91151
9131
9156
9168
9318
9352
9587
9778
10575
51067
10054
10328
10393
10466
10489
10576
10929
10959
10969
10988
1503
1633
1665
1810
22916
23633
2589
27248
2733
29777
3396
3608
3622
4999
5000
50628
5110
51125
51499
51537
518
526
54107
5471
55055
55300
56954
5966
6018
60488
64422
6634
7328
7411
7637
79053
79161
79568
79693
79731
79959
8175
83752
8458
8550
8801
8803
8892
90417
94056
9604
9833
10166
10171
10244
10367
10379
10957
1211
1652
166815
1763
200734
223
22826
23623
26119
26123
26286
26469
26996
2806
29083
29100
3613
4709
50650
51626
51759
54470
54867
54969
55103
55156
55611
56181
5687
5707
57136
58472
6272
641
6645
79000
79017
79080
79801
81873
83540
8417
84993
85457
8548
8625
9133
9748
51693
8754
8869
167153
2287
51015
79177
9512
10253
10400
1371
1468
25776
27230
27257
404672
439
5357
55135
55164
55172
55319
60314
63905
7384
80145
84277
84811
898
90141
10055
10199
10553
23276
51606
54732
65260
79714
84262
84641
8677
9787
29093
79075
8649
23184
51258
54826
55010
55153
85476
79016
8834
9513
54951
11321
51318
23512
648
6513
81839
79102
51726
203
27238
