1
100008588
100008589
100009613
100033413
100033416
100033422
100033423
100033424
100033425
100033426
100033427
100033428
100033430
100033431
100033433
100033434
100033436
100033437
100033438
100033439
100033441
100033444
100033445
100033447
100033451
100033453
100033805
100033806
100033807
100033811
100033812
100033814
100033815
100033821
100033822
100034248
100036564
100049587
100073347
100101121
100124535
100124536
100124538
100125392
100125918
100126583
100127889
100127910
100127987
100128009
100128028
100128031
100128035
100128107
100128219
100128253
100128278
100128310
100128315
100128356
100128400
100128402
100128460
100128494
100128505
100128517
100128569
100128621
100128627
100128655
100128668
100128675
100128682
100128785
100128788
100128818
100128885
100128942
100129046
100129094
100129101
100129113
100129119
100129125
100129130
100129149
100129215
100129233
100129272
100129297
100129395
100129397
100129583
100129631
100129648
100129675
100129707
100129716
100129724
100129763
100129775
100129785
100129800
100129850
100129860
100129897
100129956
100129995
100130015
100130083
100130101
100130157
100130193
100130283
100130302
100130314
100130383
100130430
100130442
100130453
100130463
100130539
100130600
100130673
100130745
100130800
100130817
100130857
100130863
100130927
100130954
100130988
100131000
100131066
100131101
100131120
100131132
100131193
100131242
100131289
100131315
100131439
100131479
100131492
100131594
100131635
100131669
100131802
100131820
100131822
100131826
100131829
100131831
100131878
100131902
100131910
100131929
100132004
100132006
100132071
100132159
100132240
100132292
100132306
100132365
100132790
100132858
100132966
100133029
100133034
100133123
100133150
100133190
100133227
100133306
100133583
100133791
100134015
100134240
100134348
100134868
100147763
100151643
100151683
100170219
100188917
100191039
100191040
100268168
100270968
100271148
100271208
100271230
100271530
100271702
100272228
100286938
100287045
100287049
100287119
100287227
100287301
100287313
100287345
100287415
100287552
100287562
100287654
100287792
100287808
100287841
100287865
100287869
100288077
100288079
100288114
100288144
100288428
100288675
100288778
100288822
100288841
100288846
100288884
100288891
100288897
100288910
100288914
100288974
100289338
100289350
100289383
100289509
100289574
100289580
100290936
100292804
100293748
100294391
100302146
100302274
100302285
100303453
100303755
100310812
100379220
100422737
100498859
100499483
100506164
100506581
100506786
100507135
100507170
100507249
100507436
100526664
100526693
100526737
100526739
10354
10356
10820
1092
114130
114336
116512
116938
1197
121360
121498
121504
122589
125931
1260
127295
127617
127665
128500
128506
128790
137107
138412
139189
139201
139363
139793
140660
140719
140753
140757
140849
142683
143666
144017
144106
145165
145195
145200
145216
147711
1480
1481
148198
148300
148430
148818
149013
149157
150221
150935
153328
154860
158674
159125
159163
167127
170511
170526
170529
171423
1863
199882
199897
206
2088
219417
219429
219436
219965
220158
221262
22945
22952
23784
245912
246181
246785
254783
255187
257202
25826
259292
26530
26583
26682
26695
267009
267010
267013
26713
26765
26766
26767
26770
26771
26781
26785
26787
26790
26792
26793
26798
26800
26805
26807
26812
26814
26815
26827
26828
26829
26830
26831
26832
26855
283193
283257
283523
283553
28387
284194
284241
284344
284565
28457
28473
284825
28516
285299
285453
285762
285877
285902
286094
28622
28638
286380
286495
286512
28680
28816
28825
28833
28847
28875
28912
28939
28941
3132
317760
326342
3266
3311
337973
339059
339521
339736
339742
339799
340515
341112
341128
341208
341350
341378
342293
342346
342615
343384
343930
344561
344729
344741
344760
344892
3453
347359
347376
347411
347422
347442
347549
347687
347745
347746
3501
3532
3534
3542
360180
375719
375940
378812
378829
378884
386593
386653
386667
386671
386672
386675
386682
387254
387267
387646
387720
387742
387787
387793
387820
388015
388199
388282
388428
388560
388561
388761
388910
389102
389300
389493
389558
389633
389740
389762
389787
389844
390010
390061
390073
390082
390093
390212
390213
390414
390530
390539
390561
390594
390598
390876
390996
391003
391037
391051
391104
391169
391194
391253
391257
391365
391448
391458
391764
391767
391803
392133
392196
392232
392309
392358
392364
392447
392452
392516
392862
394263
399783
399832
399886
399898
399980
399990
400002
400110
400207
400359
400499
400555
400556
400619
400645
400662
400666
400685
400707
400799
400850
400863
400866
400870
400940
400950
400987
400997
401021
401036
401044
401045
401089
401103
401105
401109
401123
401157
401191
401225
401253
401287
401289
401296
401335
401410
401480
401509
401554
401666
401974
401975
402469
402562
402679
4029
403253
403284
403315
404635
404665
404785
407008
414189
414318
414760
414778
439992
440023
440077
440181
440224
440225
440264
440446
440452
440459
440519
440585
440695
440742
440766
440839
440925
441032
441081
441089
441116
441191
441228
441233
441239
441253
441314
441323
441326
441369
441416
441495
441509
442083
442104
442132
442204
442215
442319
442320
442421
442454
442578
448834
4519
4539
4550
4611
474383
503543
503694
51072
53842
54024
54070
54081
541466
54579
5489
550112
553112
554223
554234
56104
57108
574029
574501
5893
5938
5942
5944
595135
6025
606724
6076
6079
6080
613206
6148
6163
618
619189
619498
619499
619518
619562
619565
619568
619569
63930
641590
64227
642316
642366
642373
642448
642484
642550
642574
642580
642648
642889
642934
642947
643064
643311
643387
643441
643475
643664
643719
643736
643802
643832
643936
644041
644050
644070
644075
644083
644093
644100
644119
644165
644316
64433
644338
644378
644422
644451
644591
644596
644731
644761
644767
644838
645051
645079
645136
645181
645195
645203
645206
645348
645367
645387
645432
645434
645553
645651
645694
645864
645879
645922
645958
645978
646030
646066
646090
646179
646262
646300
646408
646409
646467
646470
646498
646543
646567
646851
647000
647008
6471
647123
647215
647302
647309
647983
648283
64856
649137
649489
649873
65122
651302
651536
651610
652070
652965
653080
653147
653282
653303
653363
653365
653399
653427
653440
653606
653924
654319
654321
654322
664722
677767
677768
677771
677772
677773
677774
677775
677776
677777
677780
677781
677784
677792
677793
677794
677795
677796
677801
677802
677803
677806
677807
677808
677809
677810
677813
677816
677817
677820
677823
677827
677829
677830
677831
677833
677835
677838
677839
677840
677845
677846
677848
677849
677850
677883
692057
692073
692075
692076
692085
692087
692090
692092
692146
692148
692149
692158
692195
692197
692198
692225
692229
692233
692246
692312
6966
724032
727764
727941
727993
728034
728036
728042
728049
728062
728065
728072
728075
728082
728090
728095
728115
728138
728178
728254
728262
728324
728369
728373
728379
728392
728393
728400
728405
728453
728463
728533
728609
728641
728655
728741
728752
728858
728911
728936
728975
729009
729032
729041
729096
729131
729141
729233
729240
729246
729305
729330
729362
729409
729422
729423
729444
729453
729468
729480
729495
729583
729617
729621
729654
729662
729668
729732
729739
729927
729930
729955
729991
730005
730087
730144
730183
730211
730256
730429
730971
731275
731797
7418
751816
7608
767563
767564
767578
767582
767606
767846
79008
80154
81099
81221
81248
81466
84528
84664
84741
84815
85303
85316
85367
85390
89838
89844
90925
9301
93978
94150
94151
9596
100127951
100127991
100128033
100128203
100128338
100128498
100128691
100128771
100129066
100129075
100129213
100129223
100129292
100129413
100129463
100129464
100129566
100129997
100130027
100130148
100130156
100130171
100130289
100130560
100130589
100130798
100130970
100131012
100131089
100131091
100131103
100131232
100131472
100131894
100132062
100132093
100132363
100132396
100132526
100132593
100132658
100132759
100132885
100133224
100133616
100144595
100151684
100169851
100189416
100192204
100216355
100271038
100271832
100272148
100287366
100287551
100287596
100287718
100288181
100288336
100288380
100288646
100288748
100288764
100288960
100289290
100289299
100302183
100302652
100310785
100337591
100462977
112714
118945
119358
119750
119765
120364
121981
123103
127550
127608
129560
1313
1319
137133
138881
140464
140768
143543
144874
149194
155100
1564
158345
158452
159007
170067
170542
170556
200726
202451
202861
204010
2087
219445
219487
220832
221357
2221
23437
23749
2436
245915
2498
252949
252951
252955
254128
254786
2667
26701
26788
26813
26822
26823
26957
27170
27184
27200
280655
280659
283398
283440
283575
283617
284191
284230
28442
28461
284861
285407
285588
285626
28597
28614
286140
28620
28773
28781
28882
338429
338436
339879
340268
340307
340512
340895
340900
341276
341333
341418
341883
342426
342443
344065
344167
345258
3466
346708
347686
3580
360001
360219
376844
378706
387071
387090
387335
387753
387977
388181
388276
388523
388524
388595
388996
389240
389249
389405
390029
390091
390148
390266
390600
390651
390756
390792
390816
390834
390860
390877
390993
391179
391192
391247
391269
391622
391714
391777
392217
392371
392636
392843
392979
400013
400508
400743
400759
400812
400823
400867
400943
401147
401250
401286
401629
401663
401687
401960
401973
401994
402120
402182
402360
402644
4030
403274
404663
414153
432369
439934
439965
440063
440180
440187
440311
440563
440568
440587
440594
440799
441057
441172
441246
441374
441502
441736
441768
441849
441931
442038
442105
442172
442206
442293
442459
445571
448835
4509
4535
4538
4663
474168
4912
50818
53369
53393
54044
54575
54744
554049
55999
56115
574042
594839
6029
6044
6066
6077
6078
641311
641367
641457
642326
642395
642452
642511
642521
642791
642819
642929
643205
643228
643563
643586
643810
644063
644168
644285
644334
644384
644390
644414
644444
644517
644578
644907
644914
645001
645015
645231
645262
645263
645277
645314
645332
645425
645427
645446
645752
645877
645996
646196
646216
646347
646508
646513
646517
646610
646630
646670
646698
646730
646745
646862
646915
646936
646951
646996
647077
647086
647145
647253
647283
649186
649201
649395
652022
652826
653557
653604
653656
653712
678655
692063
6959
7214
723788
727677
728008
728093
728145
728202
728218
728228
728386
728407
728573
728586
728627
728637
728640
728698
728739
728971
729012
729025
729113
729156
729175
729201
729264
729348
729375
729549
729774
729800
729809
73
730222
730651
730952
732226
7359
7364
7449
7624
780780
8215
85317
85345
8594
94158
100126798
100127886
100128531
100128551
100128605
100128961
100129316
100129322
100129347
100129361
100129616
100129792
100129842
100129933
100129940
100130009
100130172
100130207
100130219
100130248
100130533
100130618
100130633
100130936
100130980
100131060
100131208
100131264
100131582
100131650
100131700
100131719
100131754
100132738
100132830
100133042
100133091
100133811
100134040
100134371
100188954
100189251
100189532
100270959
100270964
100271236
100271252
100271339
100271835
100287102
100287226
100287250
100287612
100287917
100288016
100288123
100288306
100288485
100288496
100288540
100289053
100289308
100289462
100289878
100291464
100293713
100302168
100302401
100302526
100312849
100313801
100419909
100507573
1090
124685
125488
127545
128370
133418
140851
149950
150786
1517
1518
152719
154064
158441
161271
16153
16189
168417
171422
219870
23574
252952
266625
26668
26693
26772
26778
26786
26810
26811
277
278
283116
283683
283701
28425
28432
284428
28448
28575
28578
28580
285804
28619
28639
28776
28892
28903
28905
28907
28916
3125
319139
3324
338427
338758
339047
339291
339926
340113
340888
343173
345062
374650
375850
386681
386684
386759
387264
387804
389273
389537
389873
390650
390956
391020
391026
391048
391322
391475
391576
391722
391804
392522
392539
399804
399972
399975
400070
400087
400537
400539
400550
400706
400797
401127
401164
401428
401541
401613
401661
401940
440084
440386
440479
440567
440683
440732
440786
440973
441389
441400
441410
441518
441722
441728
441897
442092
442381
442590
4911
50516
54022
54029
54037
541465
552852
56117
574406
57653
57714
594838
595100
613038
613227
6349
642622
642623
642730
642943
643136
643368
643486
643551
643634
643699
643779
643884
644006
644016
644076
644157
644310
644339
644524
644554
644649
644669
644672
644820
644945
644990
645177
645586
645769
645773
645781
645937
645968
645979
646057
646879
647155
648044
649458
650638
652215
653404
653435
653489
653513
653877
677842
677885
692086
727684
728208
728229
728316
728449
728477
728588
728855
728888
728929
729021
729040
729046
729406
729467
729557
729562
729574
729611
729659
729678
729860
729966
729987
730086
732419
79296
79490
79549
80112
81116
81282
81439
83528
84546
85340
85344
85388
85391
8686
8759
8781
8944
89839
9430
100036519
100101467
100101478
100127947
100128482
100129027
100129543
100130093
100130503
100130522
100130768
100131023
100131137
100131390
100131654
100132891
100132916
100133204
100286895
100287238
100287429
100287441
100287513
100287846
100288578
100289410
100291670
100293440
100302178
100312953
1004
100505680
100506084
100507431
100526761
120146
120787
128322
149501
221060
2246
256394
2679
26816
26818
280657
283508
284167
284232
285116
28552
285679
28664
28665
28682
28796
337967
339902
339906
340990
341346
343052
343521
344593
344988
3494
353091
359760
374920
3800
387703
388813
388815
388830
389160
389257
389281
389384
390084
390321
390352
390407
390748
391334
391769
391819
399939
400406
400673
400818
400892
401113
401209
401232
401236
401561
402160
402420
407046
440533
440991
441050
441308
441327
441432
441452
441581
442242
442249
442325
442524
504189
5137
54658
548594
5487
552859
55859
56133
56141
56144
641451
641737
643355
643904
644248
644265
644333
644456
644662
644745
645073
645339
645722
645740
645840
64591
646050
646103
646104
646119
646433
646625
646853
646976
647716
650157
651452
653082
653108
653113
653145
653319
653820
684959
7190
727851
727967
728047
728147
728194
728325
728532
728638
728653
728758
728763
728780
728927
729338
729408
729431
729442
729648
729665
729792
729842
729920
81557
81893
8333
84552
92285
9298
9303
94009
94161
94162
100033414
100126326
100127983
100128178
100128242
100128816
100129110
100129581
100129603
100129826
100130000
100130238
100130581
100130865
100130876
100131039
100131047
100131099
100131131
100131261
100131355
100131360
100131378
100131497
100131530
100131599
100132024
100132439
100132733
100132910
100133047
100133207
100133724
100133746
100170226
100270935
100287333
100287628
100288160
100288178
100288276
100288387
100288436
100288728
100289230
100289650
100505591
100505847
100506557
11036
114824
121364
122706
123745
123855
123904
124976
126170
126295
127099
132625
132817
133609
134111
139249
139542
139760
139952
140690
140769
140848
144203
147650
147947
147949
149832
158381
158835
162993
168537
170627
1911
200058
203859
2086
219482
219875
219983
221017
221122
221806
22848
252953
253935
255928
26749
26795
26797
26808
26809
280658
283267
283357
283985
284297
284433
284628
285147
285505
286187
286436
286472
286528
28673
29034
29053
338596
338773
339403
339529
340198
340204
340460
340508
340562
341511
342541
342933
343070
343263
343505
344454
344805
345051
346673
346887
347541
359822
374879
378949
386676
387055
387266
387775
388122
388165
388532
388550
388849
389158
389421
389465
389607
389730
389799
389827
389852
389903
390243
390245
390363
390421
390443
390535
390637
390638
390760
391656
391698
391710
392399
399706
399823
399959
400258
400746
400757
401218
401472
401562
401859
401944
402191
402481
403239
403244
408186
414767
439950
440021
440040
440163
440675
440737
440822
440865
441067
441234
441259
441324
441698
441864
441891
441932
442006
442122
442247
442425
442572
442744
503637
503640
503645
54015
54028
541565
54790
554251
56134
56140
574089
574414
57825
619279
642132
642413
642538
642631
642838
643167
643181
643471
643680
643773
643806
643866
643965
644873
645010
645359
645414
645440
645443
645453
645573
645687
645993
646161
646218
646243
646278
646358
646417
646471
646489
646629
646719
646723
646804
647150
64735
647662
648149
649238
651746
653048
653067
653219
653619
654085
677797
6791
692226
6955
7146
727768
728015
728111
728339
728409
728635
728675
728715
728748
728769
728774
728962
729008
729047
729447
729451
729558
729722
729727
729999
730016
730020
730069
730102
730232
751580
7798
790953
7956
79667
81470
85318
8586
90477
9300
94122
9502
100008586
100037280
100038246
100049615
100101247
100101490
100124373
100124534
100126270
100126693
100126780
100127206
100127955
100128003
100128056
100128060
100128076
100128108
100128184
100128285
100128364
100128439
100128529
100128564
100128570
100128588
100128593
100128626
100128651
100128718
100128737
100128770
100128787
100128843
100128881
100128979
100129022
100129033
100129048
100129105
100129115
100129118
100129122
100129138
100129174
100129194
100129258
100129282
100129312
100129345
100129396
100129407
100129424
100129434
100129453
100129478
100129484
100129492
100129498
100129500
100129515
100129534
100129572
100129673
100129701
100129703
100129767
100129781
100129794
100129831
100129846
100129878
100129894
100129907
100129931
100129935
100129938
100129946
100130071
100130111
100130152
100130256
100130344
100130360
100130373
100130401
100130433
100130507
100130531
100130713
100130725
100130729
100130761
100130766
100130794
100130892
100130916
100130920
100130921
100130924
100130955
100131034
100131110
100131150
100131195
100131217
100131226
100131373
100131395
100131434
100131450
100131482
100131512
100131699
100131726
100131727
100131744
100131768
100131792
100131819
100131840
100131914
100131938
100131943
100131993
100132014
100132073
100132099
100132147
100132163
100132169
100132181
100132197
100132217
100132345
100132399
100132430
100132460
100132495
100132798
100132831
100132973
100133019
100133106
100133109
100133145
100133280
100133469
100133481
100133683
100133684
100133686
100133899
100134498
100134663
100144597
100147835
100170220
100188011
100188891
100188953
100216001
100233156
100240728
100270679
100271374
100271416
100271846
100286937
100287032
100287081
100287132
100287171
100287204
100287290
100287445
100287512
100287547
100287558
100287569
100287602
100287697
100287704
100287879
100287896
100287948
100288000
100288069
100288105
100288208
100288346
100288400
100288413
100288524
100288536
100288656
100288679
100288765
100288805
100288809
100288847
100288869
100288893
100288911
100288941
100288963
100288985
100289026
100289042
100289079
100289086
100289109
100289143
100289219
100289341
100289361
100289466
100289470
100289635
100289673
100290144
100290459
100290928
100290973
100291105
100291367
100291405
100291621
100291944
100292328
100292376
100292408
100292680
100292884
100292909
100292959
100293219
100293306
100293374
100293390
100293532
100293563
100293580
100293596
100293916
100294023
100294102
100294362
100302237
100302392
100302736
100306940
100313835
100422781
100507132
100526740
10357
10835
10861
11158
113746
114043
114335
114599
114760
114761
115669
116211
116449
116519
116534
116710
116730
116937
119437
120824
121129
121456
121838
124149
124857
124871
125050
125242
125962
126235
126961
128192
128312
128770
129870
130951
131055
131909
1338
134083
135270
137529
137797
138307
138799
140687
140696
140715
140758
140759
140846
140947
142689
145624
146481
146880
147093
147199
147341
147658
148003
148713
149086
149461
150381
150472
151325
151579
151742
152286
1532
153346
153743
154089
155060
157376
157556
157693
157708
157848
158435
158947
160298
161406
162514
162632
162968
164714
165257
165829
167555
168620
170533
170536
170549
170554
170958
171220
171490
1768
195977
197350
200025
200909
201288
201292
203107
203429
206426
207032
2082
219865
219956
220115
220885
220979
222070
222699
222967
22953
2365
2366
2367
2368
2369
2370
2374
2378
2379
2380
2381
2383
2386
2394
2396
2397
2399
2400
2401
2402
2403
2409
2410
2411
2418
2419
2421
2422
2423
2425
2426
2427
2428
2429
2430
2438
2439
2443
2445
2446
2448
2449
2450
2451
2452
2459
245931
245940
246182
2463
2466
2467
246716
2468
2473
2474
2477
2478
2479
2480
2481
2500
2501
252946
252948
252950
252954
254173
254559
255180
255239
255480
256223
256355
256374
256483
2565
2574
2575
2577
2579
25819
25869
259236
259290
259295
26534
2657
26609
266553
266971
26748
26773
26777
26779
26782
26784
26799
26817
26819
26820
26824
26978
27004
27437
276
280660
282966
28299
282992
283008
283102
283162
283332
283378
283422
283455
283460
283487
283710
283820
283849
283875
283911
283982
284034
284047
284085
284108
284110
284123
284124
284215
284233
284293
284434
284573
284581
284610
284656
284677
285095
285242
285484
285622
285697
285780
28586
285944
286063
286102
28611
286123
286154
286208
286297
286434
286557
2866
28663
28793
28803
28902
28914
28915
28923
29797
29991
3031
3136
317751
326292
326321
326343
333931
333932
337969
338002
338428
338797
339501
339674
340073
340096
340260
340286
340359
340441
340544
340595
340811
341757
342
342372
342666
343170
343413
343477
343702
344382
344875
344967
345275
346288
346329
346517
347127
347148
347265
347527
347694
348303
348738
348840
348926
3502
3503
350383
353134
353143
353238
353323
353332
3537
359710
360200
360226
374383
375133
375260
375318
375611
375791
377007
378948
379005
379010
379013
387273
387332
387569
387628
387693
387745
387885
387890
387911
388007
388152
388242
388289
388555
388605
388633
388719
388762
388965
389033
389064
389118
389328
389383
389517
389602
389610
389616
389658
389672
389676
389690
389692
389756
389866
389936
389941
390006
390195
390226
390282
390323
390424
390667
390885
390895
390930
391110
391343
391358
391518
391627
391634
391742
392197
392288
392376
392391
392490
392555
392781
393078
399717
399744
399746
399806
399819
399827
399829
399844
399851
399923
400058
400061
400208
400221
400238
400454
400509
400511
400576
400578
400624
400649
400658
400661
400696
400750
400804
400841
400932
400934
400945
400999
401010
401037
401039
401040
401070
401135
401149
401180
401217
401281
401303
401357
401375
401388
401445
401459
401478
401492
401508
401551
401557
401589
401611
401720
401777
401898
401983
402382
402635
403257
404033
404543
406923
4101
414060
414061
4362
439935
440028
440044
440049
440050
440081
440122
440157
440248
440295
440313
440337
440359
440362
440419
440435
440449
440461
440503
440518
440525
440700
440863
440888
440896
440917
440955
440983
441005
441016
441177
441251
441328
441426
441453
441543
441795
441873
441911
441925
441956
442164
442179
442185
442197
442227
442229
442245
442258
442523
442720
445582
4498
450095
4513
4531
4540
474148
474337
4917
493913
494127
494141
494541
503636
504190
504191
51481
5278
53338
54064
541467
541611
54413
54748
54792
548321
5505
553128
554249
554250
55472
55522
55545
55871
55908
56097
56102
56651
56683
56973
57054
57055
57165
5761
57642
5940
594840
595099
6023
603
6043
6060
606500
6082
613037
619373
619383
6298
63947
64006
642031
642340
642515
642569
642669
642808
643036
643187
643313
643332
643438
643446
643535
643668
643677
643770
643797
644021
644101
644297
644314
644504
644511
644604
644623
644739
644768
644850
644943
644994
645139
645188
645372
645683
645808
645961
645969
645971
646024
646029
646049
646260
646359
646457
646644
646652
646756
646791
646836
646938
646960
646993
646999
647131
647135
647166
647219
647859
648556
648570
648740
648822
649133
649159
649179
649294
649946
650293
652119
652191
652614
652764
652799
653155
653268
653437
653702
653882
654816
664709
6661
677790
692099
693207
6978
6981
6983
7012
7177
7195
723778
7258
727710
727828
727915
728024
728056
728081
728118
728158
728226
728290
728485
728505
728603
728643
728660
728684
728701
728724
728773
728800
728832
728987
729070
729400
729436
729566
729580
729595
729603
729686
729687
729770
729776
729862
729911
729944
729973
729994
730013
730200
730631
730811
7315
731788
751867
7618
7623
7675
768097
79308
79315
79465
80093
81136
81137
81390
83552
83650
83864
83880
84210
84330
84449
84559
84673
84696
84740
85389
85449
85824
8585
87171
8771
90110
90226
90249
91380
9302
9304
93444
93659
93669
9386
94160
94236
9503
9959
100009676
100093698
100101116
100101117
100101118
100101938
100113407
100124700
100125288
100126324
100126784
100126791
100126793
100127891
100127922
100127940
100127971
100127974
100128011
100128025
100128046
100128059
100128071
100128079
100128081
100128093
100128098
100128124
100128126
100128139
100128140
100128155
100128164
100128175
100128176
100128180
100128191
100128198
100128239
100128252
100128325
100128327
100128329
100128334
100128343
100128361
100128374
100128385
100128414
100128416
100128420
100128496
100128501
100128510
100128511
100128553
100128554
100128568
100128582
100128590
100128594
100128612
100128640
100128687
100128727
100128729
100128751
100128822
100128909
100128935
100128936
100128946
100128974
100128977
100128988
100128993
100128998
100129029
100129034
100129058
100129069
100129098
100129104
100129128
100129129
100129175
100129195
100129198
100129239
100129250
100129268
100129271
100129335
100129380
100129387
100129405
100129406
100129427
100129447
100129449
100129455
100129459
100129460
100129461
100129502
100129510
100129550
100129597
100129617
100129620
100129633
100129637
100129662
100129722
100129723
100129726
100129827
100129845
100129852
100129890
100129917
100129930
100129936
100129961
100129969
100129973
100129975
100130051
100130078
100130086
100130097
100130134
100130155
100130175
100130211
100130232
100130233
100130249
100130264
100130268
100130269
100130278
100130285
100130331
100130348
100130353
100130357
100130417
100130418
100130419
100130429
100130452
100130456
100130458
100130460
100130468
100130476
100130502
100130519
100130547
100130548
100130557
100130609
100130613
100130624
100130642
100130654
100130683
100130700
100130717
100130741
100130757
100130776
100130815
100130825
100130855
100130856
100130872
100130889
100130890
100130894
100130899
100130922
100130930
100130933
100130938
100130950
100130958
100130964
100130992
100130998
100131004
100131015
100131031
100131043
100131053
100131067
100131077
100131085
100131094
100131096
100131117
100131138
100131141
100131170
100131176
100131180
100131211
100131229
100131262
100131283
100131298
100131303
100131316
100131347
100131354
100131366
100131454
100131480
100131506
100131508
100131509
100131532
100131540
100131551
100131561
100131564
100131613
100131655
100131662
100131691
100131713
100131733
100131735
100131763
100131781
100131795
100131814
100131825
100131845
100131864
100131897
100131939
100131980
100131997
100131998
100132005
100132015
100132025
100132074
100132077
100132078
100132080
100132101
100132116
100132161
100132167
100132178
100132202
100132207
100132234
100132244
100132247
100132273
100132288
100132304
100132319
100132341
100132352
100132354
100132356
100132386
100132417
100132463
100132476
100132488
100132540
100132565
100132570
100132596
100132618
100132625
100132661
100132686
100132707
100132708
100132726
100132731
100132735
100132741
100132742
100132773
100132815
100132832
100132863
100132884
100132911
100132923
100132941
100132942
100132948
100132963
100132967
100132979
100132987
100133005
100133036
100133039
100133053
100133128
100133130
100133131
100133171
100133177
100133205
100133273
100133308
100133311
100133315
100133319
100133321
100133445
100133461
100133581
100133612
100133669
100133761
100133790
100133862
100133898
100133920
100133944
100133977
100133985
100134041
100134091
100134209
100134229
100134259
100134317
100134361
100134365
100134368
100134444
100134445
100134713
100134934
100134937
100141515
100142659
100144596
100144602
100144603
100144604
100144748
100147773
100151663
100169750
100169752
100170229
100170765
100170939
100189589
100190938
100190986
100192378
100192386
10021
100216479
100216545
100216546
100233209
100270680
100270972
100271177
100271291
100271366
100271399
100271401
100271516
100271715
100271722
100271840
100271849
100272217
100286844
100286922
100286925
100287015
100287098
100287114
100287144
100287163
100287178
100287205
100287216
100287284
100287327
100287362
100287364
100287404
100287478
100287482
100287525
100287590
100287598
100287616
100287664
100287807
100287813
100287814
100287877
100287902
100288092
100288139
100288152
100288198
100288238
100288287
100288313
100288320
100288323
100288332
100288432
100288590
100288628
100288702
100288721
100288730
100288781
100288798
100288801
100288860
100288870
100288939
100289045
100289058
100289061
100289187
100289313
100289333
100289373
100289473
100289610
100293516
100294720
100302522
100302691
100302692
100302737
100303728
100309464
100310756
100310840
100312985
100316868
100329135
100337590
100359394
100381270
100499171
100505587
100505724
100505753
100505870
100506032
100506042
100506049
100506116
100506144
100506243
100506310
100506627
100506650
100506658
100506736
100506742
100506947
100507229
100507608
100507650
100526694
1007
1008
10089
10117
10143
10151
10214
10249
10251
10255
10337
10341
10369
10407
10415
1044
10517
10586
10597
10603
10620
10637
10639
10677
1068
10683
10720
10737
10740
10747
10798
10803
1081
1082
10821
10841
10842
10849
10886
10887
10901
10917
10930
10941
10984
10991
11009
11013
11023
1103
11039
11042
11049
11082
11136
11159
11163
11172
11173
11174
11191
11194
11199
1120
11219
11223
112401
112476
11250
11255
112597
112755
1129
113091
11317
11318
113277
113540
1140
114038
114088
114112
114132
114224
114571
114657
114758
114780
114783
114788
114795
114796
114817
114818
114881
114900
115110
115196
115290
115557
115703
115795
115861
1159
116085
116179
116337
116349
116372
116412
116437
116511
116729
116828
116829
116832
116931
116933
116969
117159
117194
117195
117196
117245
117579
117852
1183
118433
118471
118663
119016
119395
119678
119679
119682
119687
119695
119749
119764
119772
119774
120066
120237
120586
120775
121006
121130
121256
121275
121278
121340
121391
121952
122183
122740
122742
122748
123041
123688
123722
123876
124056
124221
124274
124359
124404
124535
124538
124590
124872
124930
125111
125115
125206
125875
125972
125997
126147
126204
126206
126248
126402
126520
126549
126567
126637
126661
126755
1270
127002
127059
127062
127064
127066
127068
127077
127124
127255
127294
127385
127391
127406
127540
127623
127670
127833
127841
128239
128272
128366
128367
128439
128467
128497
128580
128668
128718
128745
128774
128817
128854
128859
128864
128876
128954
128977
129807
129868
130120
1310
131149
131185
131375
131540
131890
132112
132141
132243
132332
132430
132556
132612
132946
132954
133558
133874
134121
134187
134288
1348
134829
135152
135644
135935
136157
136227
136242
136259
136263
136541
137735
138065
138429
138474
138652
138724
138802
138882
138948
139061
139067
1393
139538
139562
139604
139628
139728
139735
139741
139748
139804
140290
140432
140469
140596
140711
140731
140767
140771
140803
140828
140836
140873
140875
1416
1418
142684
142827
142891
142937
143153
143244
143286
143425
143678
1438
143903
143941
144097
144132
144360
144448
144481
144486
144568
144571
1446
144608
144717
144742
144766
144776
144817
144920
145226
145264
145270
145438
145474
145663
145678
145694
145741
145783
145788
145814
145820
145837
145845
145873
145945
146212
146279
146310
146336
146395
146513
146691
146713
146723
146771
146795
146822
146849
146852
146853
146862
147004
147276
147381
147429
147525
147646
147664
147670
147710
147719
147746
147791
147872
147968
148022
148113
148145
148231
148281
148345
148545
148824
148870
148898
1489
148930
148979
148987
149047
149069
149134
149281
149297
149351
149401
149563
149647
149650
149684
149703
149773
149775
1498
149837
149954
149992
15
150005
150051
150135
150142
150165
150166
150185
150244
150291
150356
150378
150379
150384
1504
150527
150538
150568
150577
150677
150759
150763
150771
150992
151009
151121
151146
151171
151174
151176
151258
151300
151438
151449
151484
151534
151647
151657
151658
151760
151835
151871
151877
151878
152015
152024
152048
152138
152225
152274
152578
152586
152687
1527
152742
152789
152831
152877
153469
153514
153546
153562
153577
153682
153745
153811
153910
154092
154754
154761
154790
1548
154822
154872
1549
1550
155051
155185
155382
155400
1565
157273
157381
157503
157562
157574
157627
157724
157740
157753
157773
157855
157860
157869
157927
157931
158035
158055
158160
158228
158257
158314
158376
1584
158402
158434
158511
158521
158572
158724
158863
158983
159119
159162
1596
159963
1600
160824
161142
161497
161514
161527
161635
1617
161725
161931
162083
162137
162517
162540
162699
163033
163059
163175
163183
163223
163486
163742
163778
163933
164118
164592
164656
164684
165057
165082
165530
165721
166655
1667
166752
166863
167
1672
1673
167465
168002
168400
168448
168741
169026
169834
170370
170425
170487
170504
170510
170517
170541
170543
170552
170572
170680
170691
170692
170825
171017
171169
171389
171482
171483
171484
171489
1735
1744
1758
181
196415
196475
196500
196883
196913
196968
197003
197021
197196
197320
197358
198437
1990
199699
199713
199786
199899
200008
200030
200197
200261
200312
200316
200317
200350
200539
200609
200772
200830
201175
201243
201299
201305
201477
201617
201625
201651
201780
201989
202020
202025
202134
202299
202374
202658
202781
202865
203062
203074
203274
203413
203414
203430
203569
203611
2045
204801
205147
206338
207107
2081
2116
2122
2125
2128
213
2151
2155
2173
219287
219347
219348
219409
219431
219473
219525
219527
219537
219539
219578
219595
219623
219688
219690
219731
219770
219858
219873
219874
219952
219957
219960
219981
220032
220070
220077
220082
220107
220202
220359
220382
2209
220906
220930
220980
2210
221044
221091
221180
221223
221272
221416
221438
221476
221481
221504
221527
221584
221814
221883
221914
221946
222008
222029
222159
222183
222255
222642
222659
222698
222950
223075
2249
2251
2267
228
22833
22888
22895
22947
22973
2298
22983
2299
22997
2300
2303
23040
23067
23072
23117
23145
23148
23251
23349
23354
23359
23373
23430
23434
23439
23519
23539
23563
23581
23584
23591
23610
23614
23615
23620
23629
23668
23704
24150
242
245806
245908
245909
245910
245911
245913
245935
245936
246100
246122
246184
246213
246312
246318
246704
246705
246777
246778
2494
250
2520
253039
253044
253128
253175
253264
253573
253639
253805
253842
253962
253970
254028
254057
254099
254100
254122
254187
254272
2543
254312
254394
254896
254910
254950
254973
255022
255025
255031
255061
255130
255167
255177
255193
255220
255275
255313
255330
2554
255403
255512
255654
2557
255798
256021
256158
256236
256329
256435
256472
256536
256710
256979
257000
257062
257101
257103
257152
257313
257396
257407
2576
257629
2578
25784
25787
258
25834
25858
25893
259215
259249
259291
259308
26024
26025
260294
26033
260434
26045
26048
26062
26069
26077
26095
26101
26102
26103
26105
26106
26107
26120
26138
26165
26172
26184
26222
26223
26231
26236
26238
26242
26247
26251
26289
26290
26291
26341
2636
2638
26493
26494
26495
2652
26531
26533
26537
26581
26582
26584
26595
26628
26636
26651
266621
266671
266695
266740
2668
266811
26683
266917
266918
266919
26707
26735
26740
2675
2676
26775
26776
26780
26821
2689
2693
26958
27023
27039
27076
27090
27094
27121
27124
2713
27133
27146
27158
27177
27179
27201
27231
27239
27251
27294
27306
2735
2741
27439
27442
27443
2765
279
280
280661
2814
282566
282616
282617
282706
282890
282980
282997
2830
283025
283027
283028
283033
283038
283045
283050
283079
283080
283089
283092
283093
2831
283104
283106
283112
283135
283140
283143
283150
28316
283171
283177
283194
283214
283218
283234
283270
283297
283303
283310
283335
283349
283352
283387
283392
283401
283403
283404
283416
283432
283435
283450
283454
283463
283471
283475
283480
283481
283482
283483
283484
283485
283486
283501
283516
283521
283547
283551
283567
283571
283579
283585
283587
283592
283596
283598
283600
283601
283624
283643
283658
283663
283665
283673
283674
283677
283682
283685
283687
283688
283692
283694
2837
283711
283713
283728
283731
283737
283738
283745
283748
283761
283767
283768
283777
28378
283788
283796
283807
283854
283856
283859
283861
283867
283868
283869
283887
283888
283897
283902
283914
283922
283932
283953
28396
283981
283994
283999
284009
284014
284021
284069
284071
284072
284080
284100
284185
284186
284187
284214
284219
284240
284242
284244
284254
284257
284260
284263
284276
284294
284312
284339
284352
284358
284359
284365
284366
284367
284373
284382
284383
284385
284395
284402
284408
284415
284418
284422
284424
284427
284440
284443
284451
284454
284475
284485
284498
284513
284546
284551
284561
284570
284576
284578
284600
284615
284630
284632
284648
284649
284661
284669
284680
284688
284729
284739
284749
284757
284764
284798
2848
284800
284801
284802
284804
284835
284836
284837
284865
284889
284898
2849
284900
284912
284926
284930
284933
284939
284942
284948
284950
284952
284998
285000
285014
285043
285045
285051
285084
285093
285103
285126
28513
285141
285150
285175
285178
285181
285189
285190
285191
285194
285205
285224
285231
285266
285281
285286
285300
285326
285346
285352
285370
285375
285378
285389
2854
285401
285412
285419
285422
285423
285429
285431
285441
285463
285492
285500
285501
285512
285525
285547
285548
285556
285577
285593
285600
285601
285613
28562
285627
285628
28563
285638
285659
28566
285692
285696
285708
285736
285740
285758
285766
285768
285771
285778
285796
285812
285819
285827
285829
285830
285834
285835
28584
285857
285878
285889
28590
285905
285908
285941
285943
285949
28595
285954
285957
285965
285966
285972
285986
285987
286
286002
286009
28603
286042
286046
286058
286059
286068
286071
286076
286083
286087
286103
286109
286114
286121
286126
286133
286135
286149
286157
286161
286177
286178
286183
286184
286189
286190
286223
286238
286254
286272
286299
286333
286359
286367
286370
286382
2864
286411
286437
286442
286467
2865
286530
286753
286756
286967
28738
28785
28786
28797
28802
28814
28815
28822
28823
28826
28831
28862
28904
28908
2891
28994
29013
2903
29057
29064
29065
29125
2916
2928
29774
29850
29881
29974
29999
30012
30014
3004
3008
3010
3013
3041
3047
3048
305
3050
3060
3061
3062
3081
30847
30848
3090
3110
3120
3127
3128
3137
3164
3167
317648
3177
317701
317703
317705
317749
317754
317762
319
319085
319100
319103
3195
3196
3221
3239
3249
326332
326626
3272
3274
3351
3359
337878
337963
337972
337975
337976
337977
337978
337979
338069
3381
338321
338388
338442
338579
338588
338599
338653
338661
338662
338667
338675
338694
338707
338739
338817
338862
338864
338879
338963
339005
339105
339166
339168
339192
339221
339240
339260
339298
339316
339345
339352
339366
339390
339400
339442
339468
339483
339505
339535
339539
339562
339568
339593
339622
339666
339685
339751
339760
339761
339766
339779
339788
339807
339822
339862
339874
339894
339896
339929
339942
339967
339975
339976
339978
339984
339988
340017
340024
340037
340069
340074
340085
340090
340094
340107
340120
340152
340178
340184
340239
340340
340357
340385
340390
340414
340527
340543
340554
340581
340591
340602
340618
340745
340947
341032
341152
341359
341392
341405
341567
341880
342527
342574
342618
342667
342892
342898
342900
342918
342926
342931
342977
343
343068
343171
343172
343563
343578
343637
343641
3439
344018
344022
3441
344191
3442
344405
3447
344758
3448
3451
345222
345456
345611
345630
345651
345930
346
346007
346525
346528
346562
347088
347168
347252
347273
347402
347468
347475
347487
347516
347688
347689
347853
348035
348110
348120
348158
348174
348254
348487
348751
348761
348808
348817
348932
348980
349114
349136
349149
349160
3492
3493
349391
349408
3495
349667
3497
3509
3514
352961
352990
353131
353135
353139
353141
353144
353145
353149
353164
353174
353288
353299
353497
3535
353513
353515
354
3543
3544
3546
3547
3549
3581
359787
360022
360030
360155
360203
360205
3626
3651
3697
3699
373509
374
3742
374286
3743
374387
374443
374454
374462
3746
374666
3747
374768
3748
374819
374864
374877
374887
374890
374918
374955
374977
374987
375033
375190
375196
375295
375323
375337
375567
375593
375607
375612
375616
375686
375690
3760
376132
376412
3768
377047
3776
377630
378108
3788
378805
378820
378825
378828
378832
378950
378951
379025
379034
3798
3802
3803
3804
3805
3806
3808
3809
3812
3813
3822
3849
3850
3859
3860
386597
386608
386617
386678
386683
386685
386758
387036
387066
387082
387097
387101
387111
387129
387486
387535
387590
387597
387644
387647
387715
387718
387723
387755
387895
387978
388011
388076
3882
388210
388323
388333
388364
388381
388387
3884
388414
388419
388439
388456
388458
388503
388552
388553
388564
388569
388585
388588
388630
388692
388698
388699
388743
388780
388796
3888
388818
388882
388889
388906
388942
388946
388948
3890
389023
389072
389073
389084
389090
389124
389152
389161
389177
389199
389207
389208
389247
389320
389332
389336
389376
389396
389400
389435
389458
389524
389549
389634
389641
389662
389715
389722
389741
389763
389765
389831
389857
389860
389874
389895
389906
389932
390035
390036
390037
390054
390078
390083
390113
390142
390151
390167
390174
390181
390191
390197
390201
390205
390259
390261
390265
390271
390429
390431
390433
390439
390445
390502
390538
390595
3906
390601
390612
390648
390649
390688
390705
390790
390874
390882
390883
390886
390933
390998
390999
391001
391002
391004
391012
391013
391081
391109
391123
391137
391189
391195
391196
391211
391632
391712
391723
392335
392465
392479
393046
3963
3982
399491
399697
399716
399753
399761
399833
399875
399876
399879
399884
399909
399947
400027
400043
400046
400084
400099
400128
400169
400236
400322
400456
400464
400500
400512
400541
400548
400568
400573
400593
400604
400617
400618
400620
400622
400627
400643
400654
400655
400660
400668
400680
400684
400692
400728
400735
400736
400748
400752
400756
400761
400765
400768
400793
400794
400798
400831
400891
400927
400931
400946
400949
400952
400955
400958
400960
400965
400966
401014
401022
401024
401067
401068
401074
401081
401093
401097
401098
401106
401114
401134
401136
401138
401176
401220
401230
401237
401251
401261
401264
401282
401285
401312
401317
401321
401324
401331
401387
401431
401442
401463
401491
401497
401522
401533
401535
401550
401577
401585
401588
401630
401634
401647
401667
401884
401903
401913
401992
401993
402135
402175
402317
402381
402573
402665
402682
402779
403150
403273
403277
403278
403312
404199
404201
404216
404266
404552
4046
404744
4049
4050
406947
407977
4102
4105
4108
414059
414062
414194
414196
414201
414235
414245
414260
414300
414308
414319
414325
414332
414771
414899
414926
415056
416
417
4213
4225
4241
425054
425057
4284
4342
4360
438
43847
439911
439914
439931
439933
439936
439943
439949
439951
439990
439996
440051
440061
440072
440073
440078
440087
440093
440097
440101
440117
440119
440132
440137
440149
440153
440193
440253
440268
440288
440299
440330
440335
440345
440346
440348
440350
440352
440354
440356
440416
440423
440432
440482
440508
440556
440560
440561
440570
440584
440590
440602
440686
440689
440704
440792
440804
440829
440854
440862
440864
440894
440895
440900
440905
440915
440918
440926
440934
440952
440956
440981
440982
440993
441009
441025
441052
441058
441061
441072
441086
441124
441133
441161
441167
441178
441179
441204
441208
441242
441258
441272
441273
441282
441295
441310
441317
441355
441366
441376
441441
441454
441457
441461
441476
441478
441519
441520
441521
441528
441531
441533
441601
441608
441617
441631
441639
441642
441666
441733
441871
441876
441933
441996
442028
442075
442113
442175
442184
442186
442189
442191
442213
442216
442233
442236
442240
442257
442262
442271
442334
442361
442582
442715
442721
442862
442867
442868
4439
445329
445347
448831
449520
4508
4512
4514
4536
4541
4544
4584
4586
4590
4626
474
474150
474343
474358
474381
474382
474384
4745
4747
4761
4796
480
4838
4843
4861
4868
4879
4888
49
4902
4909
491
492307
493812
493829
493901
494115
494150
494470
494551
494558
4951
497256
497258
497634
4992
503519
503538
503569
503614
503618
503639
503693
503841
504180
50512
50514
50604
50613
50616
50632
50636
50652
50700
50801
50836
50837
50840
50858
50939
50944
51054
51059
51085
5113
51145
51152
51168
51214
51217
51265
51289
51298
51326
5133
51333
51350
51402
51438
51450
51475
51478
51480
51554
5161
51802
520
5222
5280
5301
5342
5343
5370
5380
5382
53820
53828
5383
53833
53840
53841
53844
53940
53947
54067
5407
54072
54076
5408
54084
54088
54089
54090
54100
54106
54145
541468
541472
54207
54212
54437
54456
54508
54523
5456
54576
54577
54578
5459
5460
54600
5462
54657
54660
547
54714
54729
54753
54754
54759
54760
54768
548313
548332
54897
54932
54941
54944
54986
54989
550113
55056
55073
55079
55138
55150
55154
55206
55254
55267
553103
553137
55336
55338
55345
55354
55380
55387
55389
5539
55412
554175
554207
554279
554313
55448
55503
55525
55539
55547
5555
55554
55576
55586
55672
55747
55779
55790
55798
55855
55889
55894
55937
55997
55998
56001
56098
56099
56100
56101
56103
56105
56106
56107
56108
56109
56110
56111
56112
56113
56120
56136
56146
56147
56155
56157
56203
5623
56244
56300
56302
56344
56413
5648
5653
56624
56660
56677
56853
56914
56917
56923
56924
56936
56972
56981
57005
57010
57051
57061
57135
57151
57234
57235
57242
572558
5726
57292
57369
57379
574036
574037
574407
574431
574538
57469
57495
575
57501
57519
57565
57597
57612
57622
57624
57626
57687
57701
57705
57709
57730
57731
57796
57818
57824
57828
58158
58160
58496
58531
59269
59284
59347
594855
594857
595101
5995
6007
60439
60467
60529
606
606553
60677
60680
613126
613209
613210
613212
619190
619207
619342
619343
619351
619423
619426
619427
619434
619455
619463
619505
6288
6315
6327
6331
6336
6358
6370
63914
63923
63932
63950
63951
64002
64064
64090
64100
64122
641298
641339
641364
641365
641372
641455
64146
641467
641515
641518
641522
64170
641700
64180
641808
641977
64211
642131
642265
642313
642345
642361
642394
642426
642446
642475
6425
642502
642533
642559
642597
642612
642620
642629
642636
642691
642741
642776
642778
642799
642817
642826
642846
642852
642891
642924
642980
643037
643072
643085
643160
64321
643210
643224
643226
643314
643365
643376
643382
643401
643503
643529
643549
643623
643646
643648
643650
643653
643659
643696
643714
643733
643749
643763
643783
643827
643834
643847
643854
643875
643916
643923
643955
643977
643988
643997
64405
644058
644090
644135
644186
644192
644213
644215
644242
644246
644315
644353
644397
644450
644538
644540
644617
644634
644656
644660
644694
644714
644728
644794
644844
644852
644903
645027
645030
645090
645104
645158
645166
645191
645202
645212
645224
645233
645321
645355
645431
645452
645455
645460
645468
645485
645513
645529
645566
645591
645638
645644
645676
645682
645739
645744
645745
645749
645784
6458
645811
645832
645843
645895
6459
645927
64593
64595
645974
645984
646014
646019
646023
646044
646074
646113
646168
646208
646241
646268
646282
646324
646329
646360
646383
646405
64641
646424
64648
646480
646482
646484
6465
646522
646527
646548
646576
646588
646603
646626
646627
64663
646658
646702
646736
646754
646762
646778
646799
646808
646865
646871
646888
646962
646982
647033
647042
647060
647070
647099
647107
647115
647162
647174
647190
6473
647310
647323
647436
647476
647589
647946
64806
648691
6489
64902
64919
649299
649305
649330
64939
65061
65065
650662
65072
650794
65121
651430
652147
652231
652276
652346
6524
65249
652493
652607
652637
652694
6529
652963
652991
652993
653071
653073
6531
653110
653149
653166
653188
653190
653192
653199
653220
653238
653240
653247
653275
653308
653316
653354
653361
653390
653394
653423
653441
653479
653486
653492
653499
653506
653509
653550
653562
653566
653567
653598
653602
653635
653639
653641
653643
653657
653677
653687
653739
653781
653786
6538
653808
654231
654254
654341
654342
654348
654412
654429
654433
654434
654466
654502
654780
654817
654841
656
6564
6569
6570
6572
6663
6694
6698
6702
6704
6705
6706
6750
6753
6757
6759
677766
677769
677779
677819
677824
677837
677844
678656
69
692159
692205
692227
692236
692247
6953
6957
6964
6967
6997
7007
7036
7124
7141
7151
7152
7170
7173
720
7200
7222
723790
723809
723961
723972
724023
724087
727699
727701
727736
727738
727770
727787
7278
727800
727820
727830
727832
727837
727842
727849
727866
727869
727905
727914
727916
727924
727930
727940
727944
727956
727961
727982
728012
728013
728052
728061
728073
728084
728096
728099
728113
728114
728116
728142
728190
728192
728224
728233
728242
728269
728276
728279
728283
728299
728318
728323
728327
728342
728343
728344
728353
728358
728361
728377
728404
728411
728419
728431
728434
728437
728441
728445
728450
728458
728460
728461
728492
728519
728537
728543
728544
728558
728564
728577
728606
728614
728636
728656
728661
728690
728695
728705
728712
728716
728723
728730
728734
728743
728747
728772
728798
728805
728806
728841
728853
728868
728882
728897
728903
728912
728937
728939
728970
728978
728992
729059
729083
729085
729088
729092
729121
729162
729171
729177
729178
729198
729220
729222
729224
729230
729234
729238
729250
729262
729288
729291
729296
729298
7293
729307
729314
729324
729353
729355
729402
729458
729461
729475
729486
729496
729522
729528
729535
729570
729582
729602
729614
729627
729635
729652
729658
729683
729723
729756
729759
729767
729799
729806
729810
729839
729857
729863
729866
729870
729873
729877
729887
7299
729915
729926
729970
729978
7300
730091
730092
730098
730101
730109
730112
730138
730139
730184
730187
7302
730202
730227
730236
730249
730394
730441
730495
730755
730909
730961
731223
731424
731656
731716
731779
731789
732253
732275
735301
7367
7369
7379
7401
7448
7455
7484
750
752014
7576
758
7643
7652
767579
767811
768096
7681
7682
768206
768239
7693
775
7757
7784
780529
780776
7827
786
78986
79007
79015
79024
79092
79094
790952
79097
79100
791114
791115
79136
79150
7916
79160
79166
79168
79187
79190
79290
79310
79313
79317
7932
79370
79400
79424
79469
79470
79473
79501
79541
79544
7955
79628
79692
79698
797
79741
79759
79802
79844
79849
79857
79860
79873
79906
79923
79935
79948
79957
79981
79992
79999
80000
80022
80039
80052
80054
80069
80070
80117
80161
80164
80168
80174
80215
8022
80264
80307
80316
80350
8048
80712
80739
8074
80759
80831
80834
80852
80864
80867
80868
80975
81061
81127
8123
81318
81399
814
81448
81472
81543
81569
81629
81696
81697
8170
81787
81797
81833
81850
81854
81870
81872
8288
8294
8340
83445
83482
83530
8357
83592
83598
8362
8363
83639
83647
83656
8369
83697
83723
83741
83747
8383
8386
83863
83867
83868
83869
83878
83884
83886
83889
83893
83895
83897
83899
83901
83902
83942
83953
83957
83983
84033
84054
84063
84069
84074
84077
84099
84107
84109
8420
84214
84218
84222
84226
84237
84258
84276
8433
8435
84366
84435
84439
84502
84504
84518
84536
84553
8456
846
84614
84616
84623
84629
84639
84667
84672
84699
84725
84735
84757
84766
84767
84777
84779
84786
84789
84793
84796
84804
84808
84814
84820
84847
84849
84850
84852
84873
84891
84915
84951
84957
84960
84973
84978
84983
84989
85001
85003
85009
8511
8515
85235
85290
85291
85293
85294
85297
85319
85359
85368
85373
85375
85443
85446
85474
85481
85495
8551
856
85865
8587
8590
8591
8596
8618
86614
8663
8688
8705
8712
8735
8739
8755
8756
8785
8811
8823
8859
8929
8940
8941
89761
89777
89792
89837
89848
89866
89887
9001
90011
9002
90060
90070
90133
90199
90246
90271
90316
90342
90362
90416
90462
90485
90499
90525
90557
90586
90589
90625
90632
90634
90668
9074
90768
90784
9080
9081
9082
9083
90834
9084
9085
9096
911
91149
91156
91181
91316
91353
91450
91522
9154
91548
91584
91646
91661
91695
9177
91869
91948
92129
9220
9228
92292
92293
92369
9248
92483
92591
92659
927
9287
92922
92973
93034
93144
93145
93164
9333
93377
93408
93429
93556
9356
93589
93653
93654
9366
93668
9370
9383
9384
9385
93953
93979
94023
94026
94030
94059
94086
94115
94233
94235
9426
9496
9542
9545
9560
9607
9629
9651
96597
96610
9708
9720
9745
9758
9808
984
9844
9883
9884
9906
9942
9965
9971
100048912
100101629
100125871
100127888
100127972
100127980
100128185
100128202
100128236
100128262
100128288
100128292
100128298
100128398
100128644
100128653
100128782
100128840
100129112
100129196
100129476
100129482
100129858
100129884
100130100
100130275
100130322
100130354
100130428
100130691
100130733
100130742
100130744
100130771
100130934
100130987
100131017
100131112
100131213
100131227
100131275
100131496
100131510
100131541
100131581
100131755
100131756
100131766
100131816
100131827
100131860
100132800
100133991
100169989
100192379
100287166
100287728
100288594
100289090
100289678
100379661
10164
10230
10281
10332
10406
10408
1057
10692
10748
10750
10816
10824
10895
11086
11123
1114
11274
11280
114036
114041
114042
114044
114131
1142
114826
114905
114987
115273
115286
115650
115727
116123
116444
116966
117531
118421
118670
119369
119694
120114
120329
120400
120796
121214
123624
124411
124460
124739
124751
124923
124989
125704
125963
125981
126069
1262
126370
126526
126536
126859
128674
128861
129293
129790
129852
130
130560
130749
131
132200
133923
134860
135138
136288
136332
137196
138240
138649
138804
138883
139629
140032
140834
142680
142910
143162
143496
143879
144535
145241
145757
146227
146378
146429
146433
146512
146779
146850
146894
147081
147166
147172
147407
147660
147699
147727
147741
148046
148137
148203
148645
148696
149373
149620
149643
149830
150084
150147
150197
150280
150596
150709
150776
150967
151295
151477
151649
152098
152110
152206
152519
152641
152816
153684
1538
154907
155368
1555
157247
158038
158263
158295
158297
158696
158801
158931
160428
160492
160728
161145
161291
162962
163227
163479
163720
164380
165631
165918
1668
168850
168975
170082
170949
1720
174
1740
1804
1807
1812
1828
192134
193629
195814
196446
196463
196541
196549
196872
197187
199221
199675
200298
200373
200420
201134
201163
201181
201283
201516
202459
203510
204962
2123
219293
219447
219484
2196
219621
219681
219869
219899
219958
219968
220416
221191
221241
221391
221421
221442
221718
221756
221785
221786
222234
222696
22979
23120
23132
23233
23285
23329
23380
23508
23538
23742
23766
245
245927
245929
245930
245937
246119
246176
246734
247
2509
253012
253430
253868
255082
255411
2560
2561
256130
256227
256369
256764
256892
256957
257203
257357
25763
25786
25859
25876
259234
259289
2595
26049
26070
26082
26115
26211
26220
26226
26245
26248
26298
26339
26343
26497
26541
26658
26696
26952
27099
27127
27136
27319
2740
27445
28
280665
2813
282770
283011
283111
283152
283165
283197
283208
283238
283314
283514
283651
283652
283693
283755
283847
283860
283876
283948
283970
284023
284029
284083
284112
284266
284274
284349
284379
284532
284612
284618
284702
284751
284759
284808
284904
285033
285074
285154
285267
285311
285313
285456
285513
285533
28560
285641
285643
285735
285754
285759
285847
285852
285888
285961
285962
286023
286234
286828
28683
28755
28778
29018
29044
29063
29106
2974
2980
29931
317662
317702
317716
317761
319089
3346
337879
337882
337974
337985
3382
338651
338751
338809
338821
339457
339476
339524
339789
339803
339829
339965
340206
340485
340542
340578
340596
340654
341676
341799
341947
342125
343035
343069
343169
344558
344657
344807
344887
344905
345274
3458
346547
348645
349152
3507
352909
353137
353140
359
360132
361
3619
374308
374500
374786
374899
374900
374973
375010
375287
3753
375387
3821
3853
386607
387751
387790
387836
388182
388389
388507
388558
388646
388649
388662
388666
388685
388939
389170
389538
389766
390072
390075
390077
390152
390154
390168
390199
390264
390275
390927
390963
391190
391267
392138
392459
394261
399668
399814
399821
399900
399967
400242
400579
400581
400590
400653
400709
400710
400830
400926
400935
400941
400954
400986
401124
401166
401172
401233
401258
401260
401288
401320
401427
402117
402483
403282
403323
403339
403340
404220
407738
4104
414927
4158
4317
431704
4327
4336
439916
439927
439938
439941
440131
440173
440184
440200
440456
440757
440867
441046
441263
441394
441525
441549
441670
444882
4477
4547
4583
4604
4622
4625
474171
474354
4950
497048
497049
5021
503542
50802
50804
50831
50859
51046
51179
51198
51224
51716
5255
53347
54083
54093
54094
54143
541473
54429
54718
54943
55018
55025
55064
55065
55066
55175
55243
55350
55370
55410
55415
554201
554202
554206
554236
5544
55478
55507
55553
55592
55626
55659
55853
55901
56
56132
56137
56142
5616
56165
56169
56673
56988
57000
57047
57399
574016
574537
57477
57528
57535
57608
57795
58483
59082
59344
6036
606293
6092
613266
6290
63924
63946
641384
64150
641649
641928
642280
642696
642757
642864
642946
642976
643406
643616
64375
643803
644068
644128
644139
644997
645323
645524
646450
646486
646531
646870
646903
646934
64837
649446
65217
652972
653160
653483
653650
653857
6540
654463
6557
6579
658
664701
6693
6716
677778
677811
6783
6863
6866
690
692088
711
725
728039
728130
728175
728448
728819
729020
729164
729173
729420
729440
729513
729830
729975
730051
7310
731220
7352
7356
7428
7478
7516
7549
7562
7577
759
767558
7696
7710
7711
78998
79591
79598
79645
79740
79753
79781
79854
79867
79904
79940
79970
79986
80035
80072
80078
80086
80111
80207
80216
80231
80329
80725
80731
80816
80862
80869
81328
81341
81392
81796
81871
83449
83695
83882
83956
84068
84125
84200
84215
84643
84657
84658
84665
84676
84677
84689
84719
84771
84832
84837
84843
84996
85320
85371
85445
8552
85569
859
8638
8654
8812
8972
89919
8995
9038
9099
91370
91464
91544
91752
91807
91893
92070
92196
9229
92815
9288
93082
93432
93463
93517
93650
94033
946
9498
9515
9534
9609
9654
9753
9827
9840
9866
9901
100049716
100127950
100128830
100128922
1005
1010
10114
10172
10242
10349
10382
10666
10777
10794
10825
10866
1087
10896
10913
10940
10965
11024
11227
11245
112609
112703
1133
11341
113691
113730
114026
114814
114819
114821
115019
115560
116093
117
117153
117155
117247
117248
117285
117286
117532
1187
119180
119385
119692
120065
120406
120776
120793
120935
120939
121273
121512
121549
121599
121601
122011
122664
122665
122876
1238
123970
124783
124817
124975
125958
125965
126006
126068
126205
126364
126374
126541
126638
126767
127069
127074
127495
127602
127707
127795
128178
128360
128368
128371
128372
128646
128989
129049
129521
129880
129881
130075
130106
130540
130576
130752
130813
131177
131368
131450
131669
131873
131920
132014
132204
132241
132321
132671
132724
133308
133396
133688
134391
134864
135250
135924
135941
135946
135948
136371
137209
137902
138009
138803
138805
139081
139212
139324
139420
139422
139425
140258
140453
140456
140458
140625
140683
140686
140733
140850
140870
140902
141
142685
142686
143188
143501
143502
144110
144124
144125
144195
144321
144423
144453
144809
145447
145645
145858
145942
145946
145957
145978
146177
146183
146434
146542
146547
146562
146754
146802
146861
147409
147685
147686
147687
147744
147804
147945
148206
148741
148811
148823
149018
149466
149469
150000
150159
150297
150572
150681
150962
151306
151651
151790
151888
152065
152118
152940
152992
153201
153770
154214
157739
157777
157807
158131
158158
1582
158234
158399
158401
158431
158506
158584
158830
160065
160140
160365
160762
160777
161198
161253
161394
161779
161829
162282
162387
162605
162655
163589
163747
164091
164127
164153
164312
164832
165545
165679
166348
166793
166824
167410
169166
169841
170062
170575
170589
170591
170690
170712
170959
170961
171391
1734
1767
1811
1814
1830
1834
192666
196335
196477
196951
197135
199746
199834
2001
200162
200810
200879
200959
201158
201501
202151
202181
203076
205860
206412
219428
219432
219437
219438
219453
219464
219469
219477
219479
219493
219938
219954
219959
219970
219982
219986
220047
220081
220388
220992
2212
221409
221613
222537
222662
225689
22806
22900
22917
22986
23005
23026
23138
23263
23316
23491
23545
23566
23639
245802
245928
245932
245934
245939
245972
246329
246744
2524
252884
253017
253143
253582
254013
254042
254158
254225
254240
254268
254827
254879
255027
255324
255349
2556
255626
255631
255725
2559
255926
256006
256051
256076
256144
256148
256380
256815
257144
257236
257358
25774
259285
259287
259296
259307
26140
26189
26239
26246
2630
26333
26496
26525
26526
266675
266747
26686
266977
267012
26737
26762
2694
27072
27156
27198
27202
27314
2780
2823
28234
282618
282763
282775
2829
283160
283174
283189
283284
283316
283345
283365
283385
283420
283446
283459
283461
283629
283726
2838
283927
283933
2840
284067
284099
284131
284306
284309
284323
284346
284348
284369
284406
284486
284697
284788
284805
284827
284958
285025
285193
285335
285349
285555
285605
285676
285973
286006
286151
286204
286207
286256
286362
286365
286749
2877
2880
2895
28968
2898
2900
29075
29114
29118
2914
2925
29767
29802
2982
29930
29990
3009
30816
30820
317772
319101
3199
3203
327657
3355
3375
337959
337960
337966
337968
337970
337971
338322
338323
338339
338376
338398
338567
338674
338755
338785
338949
339145
339263
339302
339318
339398
339416
339834
339883
339977
340156
340267
340273
340533
340706
340980
341019
341116
341277
341416
341568
342096
342132
342510
342945
343071
343406
343450
344148
3443
344387
3445
344658
344752
344901
345193
345895
346689
347051
347169
347731
347732
347736
347918
348327
348807
348825
349633
352999
353088
353133
353324
353345
3558
3565
3568
3594
373856
374407
374467
374470
374739
374897
374928
375189
375307
375316
375519
376693
3772
3810
3827
3846
386680
386724
387638
387695
387700
387748
387837
387849
387856
387990
388121
388125
388284
388325
388407
388512
388536
388566
388567
388697
388701
388960
389015
389075
389114
389123
389125
389151
389289
389643
389649
389668
389834
389898
390038
390053
390058
390059
390063
390064
390067
390079
390081
390110
390144
390155
390157
390162
390190
390260
390326
390327
390436
390437
390442
391059
391107
391112
391114
391191
392390
392392
392509
3933
3972
399669
399694
399904
399948
400165
400206
400360
400720
401027
401137
401145
401409
401612
401665
402569
404203
404281
4045
408187
408263
4093
4109
411
4115
414149
4142
414236
4143
415
415117
4308
431707
43849
439944
440068
440104
440107
440278
440603
441669
442117
445372
4500
4585
4597
4632
4867
493860
494118
494119
494188
494197
497189
5003
5024
5030
503497
503582
503834
503835
5081
50832
50835
50839
51050
51208
5122
51233
51252
51364
51365
5140
51725
51733
51738
5212
5275
5276
5287
53336
5369
53942
5395
54466
54491
54553
54659
54715
54798
54847
54853
54952
5506
550631
55083
55089
55384
554226
55466
55512
55521
55530
55534
55561
55628
55784
55796
55801
55846
56062
5608
56123
56131
56138
56245
56246
56311
5651
56547
56604
56670
56676
5680
56884
56934
56955
56971
570
57094
57113
57191
57538
57663
57677
57684
57689
57835
58524
58529
59067
59351
5969
606495
60676
6101
613211
6317
6332
6345
63904
63974
641654
64167
64221
64232
642987
643246
643394
643414
643418
643641
643812
644150
644809
64581
646600
64699
64805
648987
64925
65082
65250
653140
6532
6542
66004
6703
6736
6768
6854
6898
7033
7047
7179
724102
728196
728464
728957
731157
7365
7399
7545
7732
7762
782
79057
79295
79324
79339
79345
79363
79413
79611
79613
79674
79679
79742
7975
79755
79807
79809
79820
79841
79846
79917
79934
79946
79963
79977
8001
80059
80114
80144
80157
80320
80341
80343
80764
81050
81168
81285
81300
81309
81327
81442
81469
81616
81624
8329
8331
8335
83417
83473
83480
83539
8355
83551
83744
83850
83866
83873
83875
8388
83900
83987
84000
84059
84073
84075
84103
84189
84197
84203
84229
84239
84292
84322
84332
84503
84517
84519
84560
84569
84636
84651
84659
84660
84690
84691
84694
84701
84765
84859
84865
84872
84874
84931
85285
85479
85509
8641
8645
8687
8748
8900
8909
8970
8973
89782
89858
89883
89885
8997
8999
90273
909
91050
9108
91133
9119
913
91662
92017
921
92126
92291
9245
9271
92797
9293
930
93107
93492
9376
9398
9573
959
9597
9626
968
9911
9941
9982
9992
11063
11154
113230
1188
124
1370
149603
170392
23105
3007
3116
3273
3292
4842
5013
5027
51013
53836
54621
54860
57156
59348
6521
7565
79025
79149
79673
79696
79785
8302
8370
84645
8516
89857
91937
10568
10879
114898
143503
1572
1825
2310
2488
26
26783
27180
3440
4618
51090
51314
5294
54848
5897
6334
64816
66000
66035
6700
80125
81698
83661
94163
2214
2712
2939
3045
4741
5554
55552
64711
6911
7368
85026
10316
10686
11148
148
2138
2915
29851
55531
79152
79922
886
55
89832
1551
4974
64693
2705
57817
5083
4656
