100
109
1523
1808
2239
23191
23705
27086
2876
301
3105
3106
3135
3912
4643
5054
5329
5578
5579
5754
667
7837
8140
84952
8974
89797
3708
51741
6907
7982
84282
8573
9639
22941
10082
1009
1809
22982
23189
23314
23362
3800
4481
4628
4781
5087
6925
7025
7057
8828
9037
9732
9891
1499
152485
158471
1793
1806
2048
2078
2131
2195
23328
23345
26053
26137
287
367
3778
4128
4208
4233
4644
4774
4862
4897
5743
57580
57616
58499
6196
6383
6505
6616
6934
7204
83593
8853
9915
288
3628
80315
10207
23229
93986
10288
11326
5788
2055
7328
7421
3772
55930
144165
53335
6812
54790
18
26115
26960
55227
585
64207
9779
116987
4306
5101
79937
85358
54897
27185
7566
1106
54898
92737
83481
9743
285195
79623
9783
2944
5364
151126
26047
257194
79648
140
140733
340267
9615
22981
26470
85458
166336
3382
51760
4756
5787
1524
154
1803
23236
57520
1644
6999
23303
3123
4929
93664
3690
83473
3790
22871
2562
7102
26040
275
6335
5067
27071
4524
8404
4129
322
5021
9056
7850
1107
1857
83692
1454
25942
26262
27044
27352
3265
5253
54584
5528
57634
57680
6601
7249
84433
84445
7067
10585
10349
222962
124565
2778
4650
473
9820
57492
10999
10295
3069
253980
4849
5119
6134
6305
6535
6878
79143
81
84231
10347
57661
10522
112939
158724
23067
23152
27443
4152
4335
5013
5020
5164
57468
6329
64599
6532
8911
9013
9256
9344
10518
7014
80790
9572
11336
1778
23030
23135
23476
55209
9578
10847
54862
79813
8216
8242
83696
83855
29123
6942
321
55558
80381
5307
26056
161725
168400
353288
2100
5595
27245
6326
8940
781
64130
132
2171
4173
4175
5245
6342
6749
84056
8604
900
10055
10237
10492
10575
10664
134492
1977
2109
221035
23649
2475
259266
26610
27131
2739
2820
3192
3608
4076
51629
55055
55689
55746
5591
5781
6418
65109
6597
6647
675
7514
7531
80155
81614
8562
9126
93594
9928
5862
4698
5519
1376
152579
3150
5191
10243
10640
54536
11103
114791
123169
25913
27347
476
51678
85015
94056
9603
9690
116211
57691
683
128239
83943
23233
95681
55217
51107
84332
23389
51592
57534
6197
83852
3720
5062
51317
51366
54439
55023
6683
7337
7874
79718
7994
8295
8452
8493
8500
8930
9969
10771
10765
10787
11011
113201
23001
23312
394
4089
4297
546
5728
10142
1105
152006
1654
1739
1859
2033
221037
22909
23013
23036
23081
23126
23167
23394
23451
23469
254048
254170
29072
2969
29994
4204
51111
51322
55015
55914
57148
57448
58155
64848
64895
7403
79684
79893
80204
8481
8867
9044
9295
9320
9611
987
9958
134957
123606
23112
23332
26122
60677
80184
8864
192669
26058
26512
3188
4520
55297
55904
58508
9456
54870
9869
84527
23545
147694
9481
55777
192670
55870
56946
8850
23181
55356
9662
4983
56160
89839
392862
1006
26245
339145
342132
8913
1007
343413
56140
10071
128853
3785
8618
9901
1008
1813
4916
6854
10089
56853
8831
117583
145581
22846
9369
1012
119772
56136
56138
283450
392636
56144
135
23145
349075
5294
5350
56142
56143
56147
64405
6694
7273
80816
643338
10716
10743
148398
56141
64478
375775
57555
26523
147968
4139
11069
65267
111
161357
2894
2899
340385
11122
139411
2901
3752
491
57497
84465
84871
11141
1131
1139
1142
114785
114805
2898
92558
23245
116442
5026
116986
340533
1501
1746
1804
1995
2900
3766
4036
54768
7429
8912
9568
1584
1814
2020
29119
43
5133
54551
56135
56146
59269
6323
7007
8632
9228
9378
339122
1268
2334
54715
85445
127069
145645
129684
22999
23096
2902
2903
3746
4308
5079
55079
553
6473
6804
6899
774
776
777
8128
2557
154664
55567
143241
26050
3351
54413
56899
23293
148979
57575
6092
81704
152330
6334
783
158800
58512
815
1636
2861
5137
170572
2890
1747
1750
1788
1812
196385
3359
83552
1826
56134
186
65217
2103
1993
202559
26188
222537
438
2243
2272
22829
22854
22866
2915
30010
6000
9229
23025
23026
23040
344148
57578
7704
56137
23316
91584
23426
2444
253559
440193
254827
84466
2567
4585
26280
27328
2742
284217
285175
9379
478
6853
2895
642636
2917
2977
3290
55359
4010
563
57194
64101
6531
721
7173
747
3786
51725
57705
5991
765
83538
84152
8537
91752
3742
3751
5444
5649
3952
53942
5625
57471
7471
9752
4622
4914
5071
83992
50944
54221
54329
54714
552
56139
57628
7225
57282
6529
