1107
1857
83692
1454
25942
26262
27044
27352
3265
5253
54584
5528
57634
57680
6601
7249
84433
84445
7067
10585
10349
222962
124565
2778
4650
473
9820
57492
10999
10295
3069
253980
4849
5119
6134
6305
6535
6878
79143
81
84231
10347
57661
10522
112939
158724
23067
23152
27443
4152
4335
5013
5020
5164
57468
6329
64599
6532
8911
9013
9256
9344
10518
7014
80790
9572
11336
1778
23030
23135
23476
55209
9578
10847
54862
79813
8216
8242
83696
83855
29123
6942
321
55558
80381
5307
26056
161725
168400
353288
2100
5595
27245
6326
8940
781
64130
