100
109
1523
1808
2239
23191
23705
27086
2876
301
3105
3106
3135
3912
4643
5054
5329
5578
5579
5754
667
7837
8140
84952
8974
89797
3708
51741
6907
7982
84282
8573
9639
22941
10082
1009
1809
22982
23189
23314
23362
3800
4481
4628
4781
5087
6925
7025
7057
8828
9037
9732
9891
1499
152485
158471
1793
1806
2048
2078
2131
2195
23328
23345
26053
26137
287
367
3778
4128
4208
4233
4644
4774
4862
4897
5743
57580
57616
58499
6196
6383
6505
6616
6934
7204
83593
8853
9915
288
3628
80315
10207
23229
93986
10288
11326
5788
2055
7328
7421
3772
55930
144165
53335
6812
54790
18
26115
26960
55227
585
64207
9779
116987
4306
5101
79937
85358
54897
27185
7566
1106
54898
92737
83481
9743
285195
79623
9783
2944
5364
151126
26047
257194
79648
140
140733
340267
9615
22981
26470
85458
166336
3382
51760
4756
5787
1524
154
1803
23236
57520
1644
6999
23303
3123
4929
93664
3690
83473
3790
22871
2562
7102
26040
275
6335
5067
27071
4524
8404
4129
322
5021
9056
7850
