23389
51592
57534
6197
83852
3720
5062
51317
51366
54439
55023
6683
7337
7874
79718
7994
8295
8452
8493
8500
8930
9969
10771
10765
10787
11011
113201
23001
23312
394
4089
4297
546
5728
10142
1105
152006
1654
1739
1859
2033
221037
22909
23013
23036
23081
23126
23167
23394
23451
23469
254048
254170
29072
2969
29994
4204
51111
51322
55015
55914
57148
57448
58155
64848
64895
7403
79684
79893
80204
8481
8867
9044
9295
9320
9611
987
9958
134957
123606
23112
23332
26122
60677
80184
8864
192669
26058
26512
3188
4520
55297
55904
58508
9456
54870
9869
84527
23545
147694
9481
55777
192670
55870
56946
8850
23181
55356
9662
4983
56160
