89839
392862
1006
26245
339145
342132
8913
1007
343413
56140
10071
128853
3785
8618
9901
1008
1813
4916
6854
10089
56853
8831
117583
145581
22846
9369
1012
119772
56136
56138
283450
392636
56144
135
23145
349075
5294
5350
56142
56143
56147
64405
6694
7273
80816
643338
10716
10743
148398
56141
64478
375775
57555
26523
147968
4139
11069
65267
111
161357
2894
2899
340385
11122
139411
2901
3752
491
57497
84465
84871
11141
1131
1139
1142
114785
114805
2898
92558
23245
116442
5026
116986
340533
1501
1746
1804
1995
2900
3766
4036
54768
7429
8912
9568
1584
1814
2020
29119
43
5133
54551
56135
56146
59269
6323
7007
8632
9228
9378
339122
1268
2334
54715
85445
127069
145645
129684
22999
23096
2902
2903
3746
4308
5079
55079
553
6473
6804
6899
774
776
777
8128
2557
154664
55567
143241
26050
3351
54413
56899
23293
148979
57575
6092
81704
152330
6334
783
158800
58512
815
1636
2861
5137
170572
2890
1747
1750
1788
1812
196385
3359
83552
1826
56134
186
65217
2103
1993
202559
26188
222537
438
2243
2272
22829
22854
22866
2915
30010
6000
9229
23025
23026
23040
344148
57578
7704
56137
23316
91584
23426
2444
253559
440193
254827
84466
2567
4585
26280
27328
2742
284217
285175
9379
478
6853
2895
642636
2917
2977
3290
55359
4010
563
57194
64101
6531
721
7173
747
3786
51725
57705
5991
765
83538
84152
8537
91752
3742
3751
5444
5649
3952
53942
5625
57471
7471
9752
4622
4914
5071
83992
50944
54221
54329
54714
552
56139
57628
7225
57282
6529
