100008589
100037417
100049587
100127889
100128028
100128278
100128315
100128402
100128569
100128668
100128675
100129125
100129233
100129763
100129885
100129897
100129924
100129995
10013
100130274
100130311
100130430
100130442
100130453
100130463
100130745
100130746
100130798
100130817
100130827
100131066
100131132
100131242
100131244
100131492
100131594
100131635
100131831
100131910
100132071
100132400
100132929
100133037
100133093
100133227
100133306
100133791
100133811
100134348
100134938
100137047
100189044
100190949
100191040
100268168
100270875
100271927
100272147
100286906
100286914
100287045
100287301
100287367
100287399
100287415
100287428
100287472
100287552
100287841
100287898
100288306
100288797
100288846
100289087
100289200
100289383
100289635
100303453
100303755
100310812
100316904
100423062
100499483
100505502
100505503
100505621
100505741
100505818
100506012
100506118
100506127
100506164
100506581
100506634
100506786
100507135
100507170
100507249
100507352
100507436
100526664
100526693
100526737
100526739
100526760
10169
1032
10522
10644
10867
10960
10992
11186
11217
112714
11285
113179
114130
116937
122589
122706
122953
124446
124565
124641
124944
125058
126075
126432
1292
131405
133060
137797
137814
138412
140862
1453
146167
148198
1485
149986
150221
150372
150921
151313
152302
152877
153328
1535
153571
155184
158511
159163
164668
168620
170511
171423
1863
201232
201292
203328
205
205717
2175
2185
2194
2217
222962
23034
23113
23152
23166
23181
23277
23784
253314
254552
255374
255809
256297
259307
26095
26232
26233
26262
26472
2657
283349
283871
283971
284004
284194
284207
284355
284371
284565
285180
285382
286140
2874
29053
2907
29801
2987
29992
3124
3303
338692
338761
339010
339184
339453
339983
340529
340562
340665
340784
342346
342850
342865
343066
344787
345079
347376
347454
347517
347687
352954
353333
374395
374872
374879
374920
377841
378807
378812
386593
386672
386674
386676
386677
386679
386682
386684
386746
387044
387100
387712
387733
387742
387763
387778
387793
387804
387890
387911
388199
388324
388336
388372
388406
388468
388551
388572
388595
388610
388611
388759
388849
388931
389197
389257
389333
389611
389690
389692
389813
389816
390243
390414
390441
390598
390664
390992
391003
391365
392255
392399
392862
399473
399823
399888
400224
400555
400591
400757
401021
401089
401115
401335
401399
401498
401561
401827
401934
401944
402469
4029
4035
4041
404785
4066
408029
414152
414189
4150
4207
4296
4297
431705
4350
440023
440138
440264
440498
440533
440695
441273
441326
441381
441425
441430
441459
441509
441728
441864
442338
442421
442425
445328
445577
448834
4489
474383
4782
497190
503834
51072
51148
51171
51255
51529
51763
5307
541465
541466
54414
54849
54850
548593
548644
554251
55653
55819
56731
574501
57595
57649
57794
5956
6050
606551
6066
6141
6150
6154
618
619189
619383
6320
64236
642441
642517
642658
642843
642889
642968
643161
643311
643342
643475
64359
643596
643641
643664
643832
643853
643904
643905
643936
644041
644054
644070
644075
644578
644961
645037
645051
645121
645161
645432
645651
645781
645864
64591
645922
645937
646044
646174
646262
646409
646457
646470
646643
646851
647309
64759
64787
6484
648791
65123
653080
653145
653269
653282
653333
653427
653544
653545
653548
653606
653689
654346
6598
6794
6818
684959
6904
692094
692246
6923
692312
693230
7106
7249
727768
727857
728036
728042
728049
728062
728071
728072
728075
728082
728090
728137
728262
728324
728378
728395
728403
728410
728597
728609
728635
728660
728734
728741
728832
728833
728858
728936
729233
729240
729246
729396
729422
729438
729747
729956
729991
729993
730005
730086
730087
730130
730144
731797
7791
79001
79008
79091
790953
79685
79842
79948
80097
80119
80154
80233
80313
83740
83756
84266
84304
84445
84838
84875
84878
84893
8510
85376
85378
89780
90313
90353
90522
90576
90850
9091
9121
9138
91647
91978
92285
92806
9394
94097
95
9526
9552
9560
9780
9781
9810
984
997
100113373
100128960
100129223
100130171
100130283
100131091
100131589
100132093
100189010
100272216
100287551
1040
10596
10783
121981
139363
140757
1743
202451
220832
26778
27433
283440
28622
28638
28680
347975
388910
389160
399972
400013
401191
401287
440081
440600
441455
51236
574042
595135
60370
6044
619569
643167
645954
646543
646936
648740
651714
664618
6984
728640
728698
728739
728975
729930
730196
83715
9854
100
100113378
100127886
100128274
100128905
100129408
100129463
100131034
100131482
100131669
100131700
100132529
100132594
100132830
100133050
100144494
100170226
100271835
100287576
100287808
100288123
100288271
100288312
100288336
100288436
100289462
100289878
100507573
10062
10072
10113
10123
10195
1020
10226
1026
10263
1028
10280
10312
10362
10397
10410
10417
10437
10457
10459
10467
1051
10544
10577
10589
10591
10641
10791
10897
10919
11007
11033
1107
11098
11140
11156
11230
112616
11270
112770
113146
11332
11344
113452
113655
114787
116225
116447
116988
1175
117581
119358
119391
1267
126789
126792
128192
1284
133
1351
136
140606
140885
1454
1455
1476
149840
149950
149951
1508
1523
152719
1545
154810
1606
1627
1643
1645
1646
1687
170954
1725
1728
1847
1857
1869
192111
1948
2000
200185
200942
2010
201229
2014
2021
2026
2030
2067
2109
2184
221184
2232
2288
22932
230
23129
23157
23216
23246
23351
23363
23370
23406
23474
23526
23549
23574
23587
23589
23625
23654
246330
2517
2542
255104
255231
25796
25798
25864
25865
25907
2592
25953
26207
2621
26227
2625
26524
267009
26801
26812
26999
27122
27315
27350
2737
274
2760
277
2821
283985
284119
284167
285367
285690
28619
286257
2869
2879
28951
28952
28956
28989
29015
2937
2950
29780
29934
29997
30011
302
309
3105
3107
3135
3159
327
3297
333926
338596
340061
340335
341128
3418
3421
3430
3455
347902
353
3635
3654
3659
3665
3669
3678
3691
374291
374882
375775
3835
387522
388152
389537
389791
389792
390006
390806
391
3915
391576
392522
3932
3956
3959
396
3992
399968
4000
401563
401940
4061
4071
4088
415116
4162
4192
4255
4267
4282
4343
435
4351
4358
439921
440917
441268
441327
441410
445
445329
4605
4638
4723
4728
4794
4811
4833
4854
4911
4943
4968
5002
5034
50516
5054
5094
51011
51035
51069
51092
51176
51293
51363
51497
51614
5270
5328
5329
5360
53827
53838
5442
54434
54436
54461
54475
54522
54541
54751
5480
54910
54926
54929
5499
55163
55240
55323
55611
55615
55630
55743
5585
55902
55959
560
5605
5607
56115
56672
56931
5696
5698
5699
57048
57085
57217
57222
5754
57648
57653
57674
57706
57804
581
5830
58476
58485
587
5880
5886
5912
5944
5970
6001
602
6025
60489
6181
6183
6238
6281
6284
63027
63922
64210
642366
64324
643669
643779
643873
644000
644006
644310
644339
644390
644672
644768
644936
645
645359
64601
646057
6464
646508
646892
646915
64755
6494
6509
651536
652215
652614
653784
653877
654483
6609
6624
6659
6709
6721
6723
677759
6778
677836
677885
6799
6817
684
6881
6892
6992
7001
7040
7076
7086
7127
715
7167
718
7187
727684
7284
728638
728888
728929
729558
7317
732419
7329
7351
7407
7453
7837
7867
790
79004
79095
79174
79228
79709
79888
80221
8131
8140
81606
81618
8192
8260
8263
83543
83593
83986
8407
84270
84299
84617
84759
84795
84936
84952
84954
8508
8519
85377
85463
85508
8553
8566
8567
857
8574
8612
8636
864
8662
8681
871
8717
8841
8869
8871
8878
8907
8971
8974
89839
8985
90378
9049
9060
9144
91748
91768
92312
9235
9246
9261
92714
92799
9289
9296
93100
93343
9368
9374
9404
9466
9516
9546
960
9601
9636
9711
975
9862
994
9961
9997
100036519
100113407
100128927
100129373
100129826
100130097
100131035
100131137
100131390
100132215
100132874
100132984
100137049
10014
10018
100270957
100271846
100287164
100287238
100287441
100287513
100312953
100420557
100462986
100506084
100507431
100526761
10058
10079
1009
10156
10160
10174
10184
10186
10211
10272
10365
10381
10398
10409
10451
10458
10468
10469
10493
10498
1052
10536
10555
10579
10608
10609
10626
10645
10652
10656
1072
10749
10755
10769
10801
10809
10848
109
10901
10945
10966
10970
10981
11015
11020
11030
11031
11041
11060
11067
1108
11132
11143
11149
11167
11176
11187
112
11237
112483
11253
11282
112936
113189
11328
11338
11343
113444
11346
114299
114786
114880
114902
114907
114990
115
115123
1152
115704
115908
115939
115950
116211
116236
116238
116535
116840
116987
118
1191
1209
121260
122622
123688
123904
123920
124045
124220
124540
124936
124997
125988
126129
1263
126308
126328
1265
126961
127428
1277
1278
1282
128434
128486
1289
128977
129303
1294
1303
1307
130940
1312
131408
132864
133957
134549
1374
1382
1384
138428
138715
1397
139818
140465
140685
140735
140851
142678
144165
145567
1462
146206
146223
146542
1466
1490
149345
1500
150483
150726
150946
152007
152078
1522
153090
1534
153478
153572
155054
157
157506
157695
158471
160
1601
1605
161
1613
161823
161882
165
165324
169044
169611
170394
1717
1793
182
1831
1846
1850
1889
1893
19
1902
1903
1917
1952
1954
1958
196383
1969
197407
199800
20
200186
200734
2009
2017
203286
2034
2048
2050
2052
2064
207063
21
2101
2119
2131
2137
2152
219
2199
219931
2200
220323
221002
221662
221749
221935
221937
222235
2239
2261
2274
22809
2281
22839
22859
22893
22905
22927
2296
22980
22981
22982
22998
23038
23053
23061
23119
23125
23135
23139
23144
23154
23164
23170
23174
23179
2318
23193
23239
23250
23254
23268
23276
23324
23327
23328
2335
23361
23368
23400
23413
23462
23464
23510
23543
2355
23559
23576
23580
23613
23621
23641
23648
23677
23705
23710
23764
24147
2512
252839
2535
253650
253827
254863
2550
255783
256281
257194
25805
25817
25825
25841
2590
25921
2593
25943
25959
25960
25966
2597
26011
26018
26056
26137
26168
26173
2619
2627
2639
26470
26523
26575
2664
2669
267
2671
26818
2683
26855
27077
27148
27245
2734
2767
2768
2778
2791
2794
2817
28232
282974
283130
283149
283254
283638
283899
283989
283991
284129
284307
284361
285590
285679
285704
285761
286077
2861
286262
286528
2870
2878
2887
28971
28996
29
29035
29057
29070
29085
2909
2919
2932
2970
29890
29941
2997
29988
29993
30008
30061
3064
3069
30812
30845
30850
30851
3092
3141
317749
3204
3217
3241
3280
333932
334
3340
3371
3383
339123
3397
340260
340371
340719
3423
342897
343521
344558
345222
345643
347733
347734
347735
348
3480
348262
3486
348738
3490
3491
353091
353116
3554
3556
3611
3625
3673
3675
3693
3714
3725
374875
375061
375449
375757
375790
376267
376497
3801
3855
387640
387885
388591
389827
390205
390748
3911
3912
3913
391334
3914
392
3976
3995
399664
399665
399687
399939
400451
400673
401097
401209
401474
4016
402509
402569
402573
402682
403
4034
4037
404217
4052
4053
407977
4128
4134
4147
414918
4166
4204
4209
4211
4237
4324
4330
4335
4363
439915
440270
441282
441374
441452
441631
441698
4494
4536
4582
4628
4637
4650
4651
4665
4681
473
4771
4781
4837
4851
4862
4929
493
5045
50488
50626
5064
50861
5087
51129
51149
51177
5118
51199
51246
51329
51330
51343
51400
51421
51477
51523
5154
51619
51629
5164
51665
51676
5170
51704
51754
51760
5214
5216
5255
527
5293
5316
5327
53349
5351
5361
53615
53635
5376
54058
54074
541565
5420
54206
5441
54463
54480
54498
5451
54617
5467
54788
54858
54862
54890
54947
54961
54976
54996
55022
55137
55152
55187
55238
5524
5526
5528
55290
554235
55450
55540
55568
5566
55701
55715
55738
55742
5575
55766
5578
55794
55809
55851
55861
5589
55893
5590
5598
56241
56288
5654
56926
56927
56937
56963
56975
57060
57106
57134
57154
57213
57216
5738
57410
5742
57452
57459
57462
57493
57506
57509
57522
57567
57572
57580
57610
57616
57617
5763
57659
57661
57666
57670
57673
5768
57685
57690
57701
5780
5792
5793
5797
58190
5831
5834
58499
58506
58508
58513
58525
5900
5924
5939
595
5998
60468
605
60681
60685
613
6196
6253
6257
6349
636
6382
6385
63874
63894
63935
63941
6397
64093
64175
642273
642335
64285
642934
643866
64409
64411
64420
64423
6448
644815
644844
645073
645811
6461
646103
6470
64753
64760
64773
64788
6480
6483
64840
64847
64855
6497
650
65009
65018
6510
65124
651746
65220
6525
65266
652968
6533
653303
653319
653499
6535
653653
653820
653888
6573
6583
66005
6602
6653
6662
6666
667
6678
6711
6722
6734
6764
6840
6844
6876
688
6919
6926
6929
6932
6988
7004
7022
7030
7041
7045
7052
7056
7057
7059
7074
7077
7078
7084
7088
7089
71
7114
7126
7145
716
7162
7168
7169
7170
7172
7204
7262
727851
727915
728194
728239
728340
728653
728747
728927
7291
729408
729431
729442
729665
730052
7301
7410
7421
7422
7431
7436
7461
7466
753
7546
7620
7692
770
7703
7786
780
784
79002
79047
79142
79191
7923
79567
79586
79650
79778
7980
79827
79850
79874
79932
79939
80005
80176
80198
80206
80210
80228
80325
80328
80336
80344
80381
8045
80781
80790
808
80820
81
811
81532
81557
81563
81609
81888
8189
8321
8324
8325
8337
8339
83439
83451
83547
83549
83606
83636
83637
83648
83871
83892
83959
8396
8406
8408
84132
84133
84153
842
84206
84231
84245
8425
84289
84331
84335
84460
84498
84501
84548
8463
84695
84705
84706
8476
84858
84866
84874
84879
84894
84898
84900
84902
84926
84962
84968
84969
8517
85301
8535
85456
85461
85464
8563
8572
8609
8614
8651
8659
87
8704
8714
8718
8722
8733
875
8816
8859
8862
8877
8897
8933
894
89796
89853
89891
89927
8996
90007
90231
9031
90835
90864
90874
9088
9112
91179
9123
91355
9139
9143
9145
91663
9170
91966
9230
92305
9231
92370
9241
92521
9253
9260
92610
9266
92689
92737
92999
93166
93210
93611
93659
9382
9399
94032
9415
94161
94162
94241
9454
9462
9469
9510
9518
9524
9540
9569
9580
9618
9639
9645
967
9672
9679
9682
9686
9725
9727
9746
9757
9761
9811
9820
9828
9853
9855
9858
9886
9887
9891
9902
9905
9915
9962
9993
100129272
100130000
100130248
100131360
100131378
100132910
100133121
10019
100288178
100288387
100505591
100505847
10106
10163
10217
10367
10385
10435
10461
10509
10531
1059
10616
10712
10718
10723
10815
10916
11046
11078
11101
11138
11142
11152
11180
11188
11214
112398
112464
113419
113791
114757
114823
114879
115024
115362
115825
116138
118424
118460
1185
1200
121274
121551
122416
124245
124402
124976
127262
127703
1296
130367
137964
138151
138311
140688
140738
140772
143187
143678
144100
144195
144348
144699
146330
147040
147645
148252
149175
149478
1497
150094
154881
160335
162073
1628
166012
1663
170463
1729
1778
1788
1796
18
1839
1843
1901
201164
2012
203
203069
203259
2040
2120
2145
219654
2202
220441
221092
222389
22822
22861
22898
22907
22921
22992
23052
23060
23067
23108
2313
2316
23163
23180
23225
23228
23231
23241
23242
23245
23248
23252
23265
23326
23331
23338
23357
23466
23476
23492
23508
23524
23598
240
245973
25
254531
25766
25776
25900
26086
26119
26509
26749
26824
27106
27143
272
2771
283987
284106
284677
28514
285613
28988
29123
29799
29952
3054
30815
30846
3087
3113
3206
3339
338388
339122
339231
339287
339291
339451
343702
348174
348801
3489
353274
3632
3633
3667
3727
374868
375248
375341
3759
378948
378949
388
388135
388403
390245
3916
3985
3993
399474
399668
401218
4013
4054
4215
4306
440400
440435
441150
441501
442122
4478
4595
463
4642
4668
467
4739
4756
4947
50848
5089
51062
51063
51114
51147
5116
51239
51380
51422
51466
51537
51655
51661
5187
5253
5297
5298
5305
5324
5326
535
5371
53834
54487
54492
54620
54681
54776
54820
54856
54936
54946
55209
55245
55291
55332
55361
55374
55616
55624
55707
55716
55734
558
55810
5583
55841
56172
56243
56654
56938
56970
57168
57169
57178
57212
57326
57409
57446
57465
57473
57475
57520
57551
57585
57634
57636
57654
57655
57658
57704
57707
57787
57825
5819
582
5869
59271
59277
5938
594840
599
6242
6305
64061
642838
6433
64332
64342
644096
644669
645687
646471
64781
64784
650157
6515
65264
653048
653067
653219
653308
653316
654342
65982
6601
6687
6776
6777
678
6793
6812
6907
7128
727910
727957
728772
7289
729175
729447
7355
7375
7414
7798
7832
7852
79096
79137
79652
79772
79813
79829
79937
80014
8019
80212
80270
80727
81035
81493
81575
81615
818
81855
8216
8237
8303
8310
8313
83667
83692
83759
84148
84166
84171
84256
84293
84302
84327
84451
84464
8462
84627
84662
84787
84861
84937
84939
84961
84964
84984
84988
85358
85395
85450
85458
85462
8603
8613
8623
8660
8682
8848
8863
89845
89849
89910
89958
90187
90203
90952
91252
91461
91526
91624
9181
9203
92335
92595
9267
93129
9314
9344
93624
94234
955
958
9701
9766
9770
9779
9812
9826
9830
9869
9895
9896
9923
100170841
100271849
10045
100507132
100526740
10998
11158
1139
115196
126669
128312
130612
130888
134285
136051
140700
146705
148254
148362
150678
163154
199223
2027
203260
2161
219736
220929
23235
23551
245940
26024
28231
283820
29763
29781
29914
3039
3292
339665
348180
3570
375260
375318
375791
389383
3949
3954
399512
4105
4301
4439
4500
4705
51393
51608
5192
5395
5426
54606
54625
54729
54863
54879
55090
55697
57455
57530
57537
58509
6234
642475
64403
64748
64839
65010
653268
6834
7205
728661
7517
7709
79006
79676
7975
80139
8061
80755
80774
81570
83552
83855
83931
83933
84210
84254
84330
84649
85379
8541
8635
8771
8861
8986
8991
90507
91409
968
9704
9742
9904
100131187
10043
10067
10093
10095
10121
10162
10221
10262
10287
10445
10452
10482
10494
1050
10525
10567
10573
10603
10634
10653
10654
10695
10811
10922
10948
10954
10956
10961
11018
11129
11135
11145
11226
112476
11252
11284
112869
112939
113000
11320
11322
11333
113457
113730
113829
114049
114609
114785
115098
1153
115708
115817
115992
116349
116983
117166
1181
118881
1196
1212
121665
124044
124401
124930
126003
126119
126208
126299
126321
127829
128826
128989
130557
130589
130617
131870
132158
1326
133491
1375
14
140467
140775
140876
142891
144983
147015
147807
148170
148223
148398
148932
150223
150864
1509
1512
155061
158056
16
1611
161424
162
1649
168455
170487
1777
1820
1855
1891
1906
1938
1953
196743
197342
1978
1984
199953
200634
201176
201266
203054
2051
2114
2118
219738
221491
221785
221908
2286
22955
22985
22994
23030
23070
2309
23149
23151
2317
23210
23218
23295
23307
23309
23367
23381
23384
23396
23401
23403
23423
23475
23509
23511
23513
2353
23558
23659
23753
23787
24146
253980
254359
2548
255043
25777
25792
25809
2584
25851
25861
25930
25970
25980
26001
26012
26048
26063
26088
26153
26155
26205
2644
2647
2648
267020
26873
27130
27173
2720
27341
27351
2738
2769
2810
283229
283232
283643
284992
285489
286128
2872
28992
2934
2954
29844
29886
2990
29907
29924
29925
29927
29946
29984
29998
3038
30833
30844
3098
3140
3177
3191
3257
3265
3306
3315
339229
339230
339344
360
3614
3726
3732
374655
375
381
3856
3868
387264
387509
3880
388115
388228
388341
388552
389
389152
389541
3955
3958
4005
4007
404093
4043
404550
4067
407835
4122
4125
414919
4218
4245
4302
441478
4501
4520
4615
4627
4636
4669
4713
4783
4790
4802
4832
4913
4924
5025
5051
50515
50614
50619
50813
5091
51005
51013
51024
51042
51061
51070
51079
51150
51162
51172
51181
5119
51271
51274
51279
51291
51435
51460
51548
51588
51593
51706
5195
5209
5256
5265
53
5331
5339
54187
5424
54345
5439
5447
54472
54502
54540
54552
54555
54707
54732
54758
5476
54784
5479
54852
54884
54913
54923
54958
54963
54971
54982
54985
55009
55049
55054
55113
55114
55146
55160
55168
55177
55194
55229
55257
55311
553158
55316
55324
55336
55349
55357
55367
5547
55501
55502
55559
55577
55625
55643
55647
55666
55700
55735
55741
55756
55785
55957
55974
56005
56848
56850
56904
56917
56998
57026
5709
57118
57146
57153
57192
573
57333
57406
57418
57449
57463
57535
57558
57602
57647
57662
57732
57761
57801
5881
5920
5986
60673
613210
6182
6195
6272
6294
632
6398
64073
64114
64130
64223
64419
64428
6449
64598
64651
64689
646962
64708
64771
64777
64794
6482
64857
64975
6498
65078
65094
65095
65108
6520
6522
6548
6576
65980
65990
65998
6604
6610
6625
6650
6748
6773
6813
682
6821
6835
6837
6838
6895
706
7090
7138
728489
728642
729176
729627
7378
7390
7392
7408
7423
7464
7538
7625
7706
7739
7866
78994
78999
79005
79026
79034
79038
79041
79058
79087
79155
79165
79169
79176
79180
79365
79415
79581
79587
79603
79637
79641
79643
79680
79713
79720
79803
79873
79894
79913
79947
79961
79971
80019
80149
80150
80152
80153
80162
80178
80194
80256
80305
80332
80346
80757
80758
80789
8086
81037
81559
81605
81622
81928
8269
8273
83463
83541
83642
83719
8379
83858
83862
84126
84219
84221
84243
84269
84305
84315
84326
84336
84337
84364
84461
84619
84628
84717
84727
84876
84905
84948
84957
84971
84975
8498
85014
85019
8514
8536
85441
8568
8570
8673
8677
8703
874
8751
8775
8818
8943
89781
89941
90121
90324
90480
90809
9092
90990
91107
9114
91373
9159
91689
91862
92170
9249
9265
92715
9274
9275
92822
92979
93109
93185
9361
9401
9441
9473
949
9564
9592
9605
9610
9632
9667
9755
9764
977
9784
9885
9894
9907
9973
10025
10039
10066
10075
10078
10101
10127
10131
10139
10155
10201
10227
1025
10291
10295
10300
10347
10401
10444
10488
10489
10519
10523
10524
10610
10807
10906
10953
10999
11047
11151
11182
11194
1120
113278
11336
115004
1155
116985
1198
1201
124222
125950
126133
129563
1365
136895
1396
140459
1459
1471
147179
147798
149473
162989
1639
1642
1677
1727
1774
1785
1797
1856
1890
1942
196483
197335
201255
2055
2068
2077
2193
221504
2275
22820
22821
22845
22870
22877
22904
22913
23031
23130
2314
23315
23334
23385
23420
23523
23612
23616
23644
23646
23647
23761
23765
23770
254428
256364
257019
257364
25799
25829
25844
25855
25946
25987
26000
26090
26229
2629
26993
27005
27013
27037
2706
27154
2783
2802
283337
284086
28964
29109
293
2975
29888
29916
29926
29950
29954
29956
29985
30827
311
3133
3134
3155
3310
342357
3485
3487
3661
369
3692
37
3710
3728
373156
375593
389432
400916
4055
4357
441027
4580
4599
4731
4758
476
4791
4849
494513
51006
51107
51112
51157
51160
51222
51272
51490
51545
51550
51586
51596
51599
5190
5211
5252
5269
5310
533
5333
54108
5428
5429
5430
54344
54662
54676
54815
54921
5493
54938
54973
5509
55116
5514
55182
55201
55208
55344
55526
55621
55663
55665
55684
55695
55739
55778
56257
5664
56658
56882
56941
57130
57140
57143
57175
57176
57185
57190
57504
57533
57592
57680
578
5829
5872
5875
5878
5883
58986
5905
5914
59274
5976
6046
60626
6134
6237
6256
6319
6404
64118
64599
646567
646836
64743
64761
64762
64834
649238
64943
6499
653129
6621
6697
670
6720
6774
6786
6829
6830
6890
7186
7277
727800
7343
738
751071
7536
7593
7629
7727
78992
79018
79033
79035
79050
79065
79143
7917
79171
79364
79585
79654
79683
79724
79726
79786
79791
79792
79837
7984
7988
79954
80148
80223
80347
8078
81031
81567
81603
81619
81628
8178
81858
81894
81932
826
83442
83444
83707
83985
84065
84067
8412
8427
84292
84433
84514
84572
84656
84687
84836
84885
84895
84922
84923
84958
8527
8569
8625
8666
8729
8870
8906
9020
90379
90416
90441
9052
90639
90780
90933
9120
91300
91304
9136
9150
92014
9220
92840
93099
9328
93436
9351
94005
9578
9647
9703
9776
9777
9903
9921
9927
10023
100289678
1018
10239
10273
10379
10423
10454
10497
10581
11021
11054
11070
11147
11277
1173
1192
123096
126282
140576
1465
1877
220002
221
22984
23140
2356
23623
23633
23645
2582
25828
260425
26099
26151
27153
275
2766
2876
29094
2946
3005
3029
3068
337867
3385
339201
3460
3607
3689
401331
439
4502
4779
4793
51296
51337
5157
51734
5226
5372
53916
54512
548596
54867
54935
55111
55135
55139
55343
5536
55544
55558
5606
56265
56894
56997
57111
5863
5977
60314
6205
6282
6293
64744
64837
653506
65992
65993
6603
6811
6901
7264
729873
7384
7805
79016
79102
7920
7942
79651
79703
80131
80279
80700
81890
8214
828
8312
83742
83937
84264
84279
84303
84807
85026
8692
8742
9022
9094
91289
91368
9409
9513
9684
999
10005
100288524
100288781
10298
10327
10474
10585
10594
10766
10844
10908
11159
11221
11240
1186
118788
1241
128308
140710
147965
152098
152189
158135
159195
1616
1819
1912
199870
2011
201294
2013
201514
205428
2063
2166
222229
23207
246721
2588
26277
26505
27090
283
284184
285505
286336
2873
2944
29959
30000
3108
3305
339352
3399
374666
402
4047
4084
410
4276
440804
4485
4645
51078
51117
51257
51361
51409
51564
51604
5184
5292
5306
53373
54438
54621
54834
55191
55210
55315
55317
55690
55823
55909
5660
56965
56996
57407
57553
5786
58500
58526
5997
60
60343
617
63940
64077
642852
643438
6455
653635
677824
6878
7132
728404
767557
79036
79042
79089
7916
79695
79701
79706
79751
79890
79903
80024
8021
80235
80301
80764
80851
81544
8209
823
832
83590
83605
84418
84419
85007
85415
8793
8797
9013
9040
9064
9424
9489
9577
9677
9744
9842
10134
10245
10400
11068
11257
11313
11334
1174
1445
1487
151354
157285
1845
1945
221496
23220
23481
23640
2539
260294
26284
26469
27111
27349
2762
2896
2962
2968
29928
3162
317781
409
4795
51025
513
54458
54753
5498
54998
55004
55108
5531
553115
55337
55657
55898
57184
6277
64170
6468
65057
7156
7263
7701
79073
79144
79147
79154
80772
8175
81876
822
8402
84261
84286
84309
84883
84934
90956
91012
9168
92579
9277
9284
9922
9935
100128626
100129407
100132831
100134663
100287525
100289470
140748
140829
144404
1801
23344
28923
3515
400566
400750
408050
441016
51231
54509
56342
619423
677837
729659
729877
730177
8637
100101267
100131471
100131626
100288985
10270
155060
170384
1936
1981
210
221955
23203
24148
29904
346329
391073
4152
440459
441259
442582
4676
50
503643
51116
5496
5546
55527
55929
5987
6158
64115
642669
646817
7171
728577
729436
729580
81116
81857
8241
8449
8795
9785
100125288
100126798
100132463
100287362
100505587
100505753
100506116
100506310
10636
140731
161527
171425
317762
340198
342918
3542
441869
54535
6300
641700
643376
6452
729756
730429
81502
9731
9827
100126693
574037
100271600
10507
10533
11000
11100
11337
118813
124583
124935
127544
129138
132160
1368
138716
146923
150290
197258
221545
221927
22897
2319
23214
23247
23313
23352
23378
2495
254102
25793
2580
26015
26020
26140
27040
271
285464
29920
3304
3613
377
393
400073
408
4123
4496
4643
4792
489
5106
51084
51307
51312
51317
51398
5315
53917
54496
55080
55147
55223
55652
57210
57228
5777
5971
6314
6415
64427
6810
6891
7064
7094
7157
7297
729810
7376
7515
7760
7841
7862
79188
79869
79887
81844
8289
83638
84447
84865
84993
85002
8509
8705
8764
8824
9026
9146
93643
9673
9807
9968
10204
10265
10421
10903
113026
126074
126917
131601
146439
155066
22827
23371
23399
257160
26071
26073
286256
286676
29990
3875
402483
4493
4810
5050
55268
55765
55890
55971
56623
56905
57209
57513
57536
59307
60672
63971
65263
6920
6949
7535
79090
79159
79763
81554
8270
84080
84310
8542
90135
9817
100144748
10232
10554
10620
10868
10994
1119
113178
127281
1316
140809
1460
150383
154761
1632
1676
171017
1718
1849
199746
202243
207
2280
22937
23192
23288
23564
2564
25824
26133
26502
26503
26808
2710
2801
28227
282969
284325
30
3106
3601
374899
387521
3927
399909
4094
4097
4798
4926
4967
5127
51368
51428
51621
51693
5434
54441
54584
54920
55011
55072
55154
55199
55626
55640
56262
56893
57020
572
57505
58191
59339
6015
6199
6275
638
646730
647310
64780
653639
653781
6618
7005
7108
728294
7286
7318
7542
7726
79085
79177
7918
79759
79774
79897
80017
8106
81552
81926
825
84163
84187
8479
84909
8663
8694
8741
8904
9124
9158
9189
92249
9322
93349
9797
9909
217
2537
25771
29855
5130
54455
54476
55092
55687
5720
79789
9191
94103
9825
10318
10322
10383
10938
11243
125170
1468
154141
166
2022
23221
2342
25906
26580
27044
27352
28958
28984
29841
29965
3300
341
3590
4696
4814
51093
51282
51295
51657
5261
5300
54623
54952
550
5518
56006
56181
57414
5836
598
6051
65996
686
7016
7165
752
7551
79178
79711
79716
79754
79767
80331
8314
83658
84164
84277
84557
84720
8676
91039
9179
9600
9670
10514
10898
11316
226
23550
23759
26164
27043
27163
27183
27301
28511
29803
389668
537
5373
54859
55572
55654
55702
5603
64768
64802
65083
6839
79157
79671
80142
114789
25989
4835
50717
51228
54795
5595
56940
78987
80020
84232
896
90678
219743
3163
403339
4221
4616
4817
64319
80832
112724
347862
55658
63891
85302
9772
84809
55850
60678
25839
3104
64793
84283
10869
22993
26007
2948
3636
54853
55876
57089
60509
63929
8266
83746
89953
9342
25920
26100
55593
55627
5580
593
6692
79039
8079
83874
976
10388
10120
220112
22883
51073
51102
51547
57109
64374
9640
10607
11273
116113
283373
29911
56949
79629
79797
8558
9814
284613
9130
203245
28955
29882
29894
8225
79735
112812
162427
120376
23779
2889
3566
53840
9883
128439
150166
3137
375190
442497
474384
5379
5833
728115
729678
81669
84726
84960
90120
100132247
727738
729353
8525
100128295
100129676
100131822
100133005
26719
392008
400957
644093
729767
100287404
3040
643988
64718
7922
441328
653562
100131512
100302115
100302200
115669
646808
729978
100101490
100293516
574036
643542
100130930
100287049
100288897
390378
100289176
100292909
100313781
283378
286434
317730
100287032
100506243
729535
100132540
155400
728233
158947
728987
100293306
644617
140754
642846
100129518
100506049
647042
729092
100131914
375690
643977
100133899
100294023
345611
649305
100134361
100287081
100302392
391020
648556
100128439
100133019
404033
643187
729994
100128570
100129258
100131226
100292408
100292884
647131
100131141
100287445
100129500
100129701
100289079
728701
100134934
1319
100130344
90110
100310756
100131819
100131863
728970
150381
100133684
100286937
100287204
4550
100288536
100288847
197350
389472
100289086
100294102
100306940
2463
400624
440449
400707
392555
6298
4531
55522
2418
2419
2421
2422
2423
402635
158345
145165
2438
2439
2443
2445
2446
25869
7359
2473
2474
2401
2402
2403
2221
27170
28620
28825
28882
441246
7449
387753
404663
4535
414153
4539
