1
100009613
100101121
100124332
100124540
100126270
100126296
100127910
100127955
100127961
100127987
100128030
100128031
100128033
100128035
100128107
100128131
100128320
100128333
100128460
100128505
100128517
100128560
100128579
100128605
100128646
100128682
100128697
100128772
100128785
100128788
100128811
100128816
100128885
100128942
100128958
100129046
100129055
100129101
100129113
100129119
100129130
100129149
100129215
100129234
100129269
100129297
100129316
100129332
100129484
100129570
100129583
100129603
100129648
100129654
100129690
100129707
100129724
100129775
100129794
100129850
100129860
100129930
100129947
100129948
100130009
100130015
100130048
100130083
100130137
100130157
100130193
100130255
100130383
100130388
100130560
100130606
100130618
100130673
100130799
100130800
100130820
100130857
100130863
100130887
100130921
100130927
100130936
100130954
100131000
100131041
100131047
100131060
100131101
100131193
100131199
100131289
100131439
100131442
100131450
100131451
100131478
100131624
100131625
100131773
100131802
100131820
100131826
100131878
100131894
100131907
100131929
100132006
100132014
100132159
100132240
100132565
100132597
100132609
100132659
100132762
100132790
100132808
100132993
100133029
100133123
100133150
100133257
100133330
100133616
100134391
100134868
100135064
100144631
100147753
100147811
100147825
100147831
100151668
100151685
100169837
100170219
100188917
100189007
100189054
100189175
100189191
100189253
100189265
100189309
100189461
100189475
100191039
100192388
100216488
100270753
100270845
100270855
100270890
100270935
100270955
100270959
100270968
100270984
100270998
100271016
100271044
100271064
100271069
100271082
100271100
100271116
100271124
100271153
100271185
100271208
100271216
100271241
100271246
100271276
100271288
100271301
100271327
100271331
100271334
100271339
100271379
100271396
100271458
100271506
100271512
100271534
100271535
100271584
100271607
100271702
100271832
100272228
100286932
100286979
100287033
100287140
100287313
100287345
100287419
100287498
100287613
100287654
100287673
100287680
100287718
100287806
100287865
100287869
100288034
100288073
100288077
100288079
100288144
100288160
100288323
100288333
100288416
100288428
100288443
100288485
100288490
100288496
100288513
100288619
100288703
100288742
100288764
100288778
100288869
100288910
100288917
100288974
100289124
100289143
100289145
100289184
100289191
100289238
100289280
100289287
100289308
100289338
100289350
100289381
100289424
100289488
100289580
100291105
100293748
100294276
100302126
100302129
100302168
100302190
100302222
100302274
100302401
100302743
100310849
100312822
100312849
100313783
100313812
100313841
100313859
100313895
100313905
100379220
100379378
100381202
100381208
100419909
100421820
100422737
100462824
10064
10355
10820
114181
114336
114819
114824
116512
116534
118461
1197
120775
120787
121360
124274
124685
124871
125931
1260
126017
127099
127295
127617
127665
128322
128371
128500
128506
129560
131055
131909
132817
137107
137133
138881
138882
139189
139201
139249
139542
139562
139793
139952
140432
140692
140719
140753
140768
142683
143666
144017
144106
145195
145200
145216
146852
146880
147093
147711
1481
148713
149013
149157
150928
151449
152667
153893
154064
154860
155100
157278
157317
157376
158452
158674
158983
159007
159125
164118
167127
167555
170067
170537
171422
2
200008
200909
219417
219429
219436
219965
220081
220158
220786
221262
22952
23772
245912
2498
252954
254783
255187
255313
255349
256483
257202
259292
2616
266643
26668
26682
26695
267010
26785
26789
2679
26791
26792
26800
26805
26807
26811
26814
26815
26828
26832
27321
283075
283162
283193
283257
2834
283487
283575
283747
28387
284013
284241
28425
284344
284433
284467
284577
284825
285299
285453
28552
285626
285629
285697
285762
28578
28580
28582
285877
285902
28597
28606
286094
28614
286310
286380
28664
28665
28682
28781
28830
28891
28892
28905
28916
28997
2989
3132
3139
319133
319139
326269
326342
3266
326617
3314
3332
337973
338436
339059
339145
339398
339521
339529
339736
339742
340204
340268
340460
340512
340706
340900
341112
341208
341350
342
342132
342293
342358
342372
342443
343052
343170
343263
343384
343472
343930
344065
344167
344191
344387
344561
344729
344741
344760
344892
345062
345258
3453
345456
346288
346673
347097
347119
347411
347442
347541
347549
348926
349196
349334
353140
353142
353143
353238
353323
359736
359740
360022
360165
360177
360181
360200
360219
3687
373509
375133
375307
375601
375719
375940
377007
378829
378884
386627
386653
386667
386671
386675
386681
387254
387267
387273
387332
387553
387646
387787
388015
388022
388122
388181
388282
388428
388514
388561
388761
388996
389053
389102
389180
389300
389465
389493
389538
389558
389633
389658
389761
389762
389799
389852
389941
389976
390010
390029
390061
390082
390110
390152
390166
390212
390213
390259
390266
390323
390352
390403
390407
390411
390436
390530
390539
390594
390600
390637
390650
390667
390766
390876
390877
390883
390894
390993
390996
391026
391037
391040
391051
391092
391102
391104
391139
391194
391257
391358
391367
391448
391458
391538
391584
391634
391710
391714
391742
391746
391764
391803
391804
391819
392133
392256
392309
392358
392360
392371
392447
392452
392516
392517
392539
393078
394263
399511
399706
399832
399980
400002
400087
400110
400121
400359
400406
400499
400539
400550
400619
400662
400666
400685
400706
400799
400866
400870
400932
400940
400997
401036
401040
401044
401105
401127
401157
401217
401236
401253
401289
401296
401393
401433
401480
401509
401554
401666
401960
401974
402120
402191
402207
402375
402382
402420
403284
404635
404665
406987
408188
414318
414760
414767
4182
432369
440040
440044
440063
440077
440159
440181
440243
440297
440353
440386
440452
440479
440518
440568
440585
440594
440742
440766
440839
440957
440973
440991
441050
441081
441177
441191
441239
441369
441376
441389
441432
441495
441630
441722
441736
441768
441849
441932
442006
442017
442104
442172
442215
442227
442242
442266
442293
442319
442320
442325
442381
442389
442454
442523
442524
442578
448991
4490
492303
503543
503694
504175
54035
54070
54090
54579
548594
550112
55084
554223
554234
56104
56853
56956
574029
5760
595100
6029
6076
6079
6090
6163
619499
619518
619553
63930
641510
642278
642326
642373
642413
642448
642452
642511
642574
642592
642622
642692
642730
642812
642943
643043
643064
643172
643181
643205
643228
643327
643329
643371
643387
643471
643486
643586
643617
643680
643736
643773
643806
643810
643884
644119
64433
644333
644338
644378
644422
644444
644495
644511
644517
644524
644554
644591
644596
644743
644838
645015
645206
645251
645263
645266
645314
645348
645367
645434
645436
645553
645688
645773
645808
645877
645979
645980
645996
646029
646066
646161
646179
646196
646260
646274
646300
646430
646433
646446
646467
646505
646610
646629
646630
646719
646784
646879
646981
647077
647123
647150
647253
647662
647983
648343
64856
649133
649166
649186
649489
649873
650901
65122
652070
653399
653440
653712
6581
677768
677784
677790
677845
6791
6918
693126
693185
693194
693229
6958
6959
6981
6985
7002
7146
724032
727764
727838
727993
728008
728015
728024
728045
728054
728065
728066
728093
728095
728106
728111
728118
728138
728147
728178
728202
728325
728380
728386
728392
728463
728495
728602
728627
728643
728655
728675
728748
728752
728780
728911
729032
729041
729096
729131
729275
729330
729348
729362
729451
729453
729467
729468
729516
729549
729583
729603
729611
729621
729654
729662
729668
729681
729722
729780
729792
729809
729842
729879
729927
729955
729987
730016
730222
730232
730811
730861
730971
732272
7624
767846
79232
79296
80726
80866
81176
81248
81282
81330
81466
81794
8333
84528
8460
84701
84741
85303
85316
85317
85340
85344
85367
8686
87171
89792
89838
89858
9300
9301
93978
94150
94151
94163
9596
100033395
100033441
100033447
100033451
100033800
100036564
100101629
100124533
100126299
100126327
100126349
100127924
100127991
100127999
100128042
100128043
100128060
100128122
100128203
100128233
100128338
100128362
100128379
100128393
100128467
100128546
100128553
100128601
100128771
100128894
100129017
100129066
100129138
100129180
100129213
100129292
100129312
100129394
100129566
100129616
100129631
100129708
100129731
100129884
100129931
100129982
100129997
100130027
100130148
100130156
100130298
100130497
100130539
100130589
100130627
100130708
100130766
100130892
100130913
100130970
100130980
100131089
100131103
100131131
100131195
100131206
100131217
100131232
100131264
100131506
100131510
100131515
100131582
100131607
100131761
100131874
100131938
100132099
100132147
100132526
100132593
100132658
100132857
100132917
100133171
100133204
100133224
100133284
100133286
100133307
100147746
100151684
100158262
100169835
100169851
100169890
100189030
100189416
100189439
100217367
10022
100233146
100240713
100270878
100270896
100270923
100271020
100271033
100271098
100271143
100271157
100271160
100271178
100271190
100271206
100271210
100271213
100271252
100271274
100271279
100271349
100271372
100271381
100271394
100271398
100271424
100271470
100271471
100271508
100271530
100271717
100271870
100272148
100286844
100287229
100287366
100287382
100287896
100288139
100288170
100288177
100288181
100288276
100288346
100288425
100288504
100288511
100288646
100288695
100288748
100288884
100289222
100289299
100289319
100289450
100289511
100289650
100294391
100302133
100302178
100302183
100302191
100302219
100302276
100302282
100302652
100302739
100302741
100312794
100312806
100313778
100313803
100313918
100313962
100337591
100379288
100420370
100421533
100431168
100462790
100462836
100462843
100462851
10223
10349
10586
10819
10878
1090
114042
114760
116730
119437
119682
119765
120146
120364
122740
122742
122888
123103
123855
124
124783
127
127066
127550
127608
128360
129521
134391
135941
1360
1361
1370
138799
140464
140623
140756
140849
143543
144874
145499
145624
146481
148003
148300
148430
148818
149194
149233
149501
153743
1558
1573
158035
1584
158435
160824
1624
168474
170302
170503
170529
170542
170556
171416
1733
200726
202861
2087
2165
219431
219438
219445
219447
219464
219487
219493
219874
219956
220885
221357
2284
23584
23666
245915
245931
246714
252950
252951
252955
254786
2559
256148
259295
26238
26581
26583
26595
266920
26693
26701
26771
26779
2705
27437
278
280655
280659
283014
28304
283093
283422
283556
283701
283710
28389
28408
28409
284108
284191
28432
28442
28448
28517
28526
28559
28573
28577
28598
286063
28612
28616
286480
28756
28773
28776
2884
28847
28864
28877
28903
28907
28912
28915
29034
2998
3174
317726
336
337971
337972
337978
337981
338399
338662
339403
339926
340073
340096
340307
340508
340895
341276
341378
341418
341568
341883
342426
342615
342931
344454
344658
344967
344988
345275
345651
346525
346708
347169
347422
347509
348021
352999
359822
360001
374407
374928
375850
379013
3806
3848
3859
386617
386665
387071
387335
388077
388276
388523
388524
388830
389075
389249
389386
389396
389405
389740
389756
390054
390072
390091
390142
390148
390151
390155
390181
390261
390321
390419
390581
390756
390792
390816
390885
391174
391179
391192
391247
391622
391698
392217
392288
392313
392352
392557
392636
392843
399886
400070
400454
400645
400661
400728
400759
400797
400823
400836
400860
400867
401045
401123
401135
401147
401472
401492
401663
401687
401898
401973
401992
401994
402182
402408
402644
402676
403241
403253
403274
403277
403315
406884
406913
406915
414061
414131
414134
414316
420
4225
425054
439934
439945
440043
440153
440799
441155
441218
441324
441502
441887
441931
442060
442105
442206
442229
442232
442249
442459
442890
445347
448835
4547
469
484
5053
5276
5350
53842
54043
54081
54490
54937
54959
5505
554049
55545
55999
56102
56141
56955
5744
574444
57709
57733
59272
594839
600
606724
6071
6082
619491
635
6360
641367
642204
642484
642521
642546
642590
642791
642929
643180
643332
643418
643609
643711
643723
644050
644129
644166
644168
644213
644285
644314
644384
644414
644767
644907
645010
645262
645277
645332
645345
645388
645414
645425
645427
645446
645453
645503
645694
645752
645857
645899
645930
645931
645968
646023
646034
646168
646216
646218
646417
646513
646652
646745
646862
646927
646951
646976
646993
646996
647086
6471
647145
647307
649201
649395
650172
651337
653156
653162
653435
653604
6557
6694
6718
677807
677810
677883
692149
693206
693220
6962
724022
727799
728039
728088
728098
728134
728145
728276
728365
728470
728505
728586
728637
728971
729025
729141
729201
729254
729257
729375
729409
729480
729557
729608
729610
729666
729800
729815
729999
73
730190
7302
730211
730239
732226
7364
768218
791115
79295
79315
80704
81318
81327
81328
81390
81406
81479
81494
83998
84664
84793
8489
8537
85391
8564
85824
8586
8594
8708
897
91133
92483
93589
9370
957
9971
100033418
100033423
100049615
100125556
100127947
100128172
100128364
100128651
100129347
100129785
100129792
100129842
100130533
100130899
100131099
100131208
100131650
100131719
100132764
100134015
100134040
100134240
100151683
100170220
100188954
100190939
100216001
100271038
100287102
100287226
100287250
100287612
100287792
100288016
100288114
100289410
100302526
11040
114904
115701
116938
120796
123346
125488
127545
128239
128368
128370
133418
140769
147407
1515
151507
154907
1564
162632
163059
165215
168417
170959
202052
219858
219870
219954
220930
2323
23610
254263
26533
26534
26781
26786
26787
26796
26809
26810
27184
283683
284428
285116
285643
28575
285804
286186
28639
3125
3324
337875
338428
338879
339674
340113
343173
353332
3534
3576
359845
374819
386759
388414
389273
389616
390424
390928
390956
391109
391169
391322
391475
391722
399806
399975
399990
400207
400537
400818
401164
401428
401541
401613
402176
4068
4312
440163
440446
440567
440732
441089
441116
441172
441400
441416
441518
441543
442160
442247
442590
494141
55073
553128
554250
574406
59285
6023
606500
6083
613227
619565
619571
6423
643551
643699
644076
644945
644990
645528
645769
645958
646754
646960
648044
652022
652965
653404
653489
677770
677773
677777
677798
677808
677809
677814
677816
677825
677830
677839
677850
692072
692073
692148
692196
692229
692233
7116
728208
728316
728449
728477
728588
728723
729040
729406
729574
730013
767578
79549
81439
84856
85318
8644
8744
8781
8944
93058
93655
100033437
100033806
100033812
100033814
100101467
100124535
100128056
100128117
100128171
100128218
100128345
100128416
100128531
100128655
100128726
100128740
100129322
100129813
100130029
100130093
100130207
100130231
100130451
100130503
100130522
100130714
100130768
100130801
100131053
100131069
100131654
100131810
100131829
100131840
100131998
100132108
100132738
100132916
100133077
100133124
100144878
100147768
100151651
100151658
100189313
100189384
100189404
100189406
100189494
100216545
100270679
100271014
100271018
100271104
100271118
100271137
100271176
100271184
100271189
100271198
100271239
100271416
100271511
100271840
100271842
100287110
100287171
100287846
100288503
100288540
100288914
100289102
100302132
100302223
100312804
100313830
100313968
100421648
100462953
100499193
10052
10082
1012
10202
10267
10309
1036
10516
10763
10810
10873
10891
11069
11082
11119
1117
11211
1123
112399
11259
11280
1131
113612
114088
114134
114805
114814
114822
114991
115265
116372
116412
118427
118812
12
121456
122481
124925
125704
126326
126661
1290
129049
1301
130733
1311
132014
137970
137994
139065
1393
139411
140597
140660
1410
143244
143570
143903
144608
146395
1474
147906
151963
152273
152641
153579
154449
157869
158381
1602
160428
160622
163223
165257
166336
166647
168667
1690
169714
170548
1745
1749
1803
1809
1910
1944
196051
196996
199745
200150
200844
2018
202374
203238
2045
207107
2116
2121
2138
2191
219699
220
220164
2203
220979
221060
221336
221806
221833
221981
222553
222865
2267
22795
22801
22807
22808
22943
22986
23024
2303
23037
23094
23213
23266
23329
23414
23529
23766
252953
252995
253143
253738
255239
255308
255352
255743
256051
256394
25878
25925
25927
2595
25981
26115
26167
261729
26249
26289
26468
26577
26585
26784
26816
2697
27145
27146
27164
27175
27242
2731
27324
280657
281
2823
283078
283420
283450
283554
284131
284232
284244
284252
284358
28457
2852
285407
285605
285676
285943
286527
2868
286887
29942
29995
3037
3048
3073
30832
30837
3209
3223
337967
338917
339366
339902
339906
339984
340385
340485
340990
341116
341346
3426
342933
344022
347516
347731
3484
352290
353497
3553
359762
3598
3656
3699
374383
374900
375323
3764
376844
3815
384
387111
387129
387266
387856
387914
388132
388550
388630
388815
389118
389337
389649
390084
390264
390895
391013
391048
391106
391766
391769
399669
400156
400221
400258
400746
400892
400986
401109
401113
401180
401232
401242
4015
401535
4023
404037
404543
4060
406901
406976
411
4111
414060
4256
4281
440021
440570
440888
441250
441308
441461
442192
460
4633
4649
4675
4753
4828
4885
4902
4982
5021
504189
50863
51085
5122
51226
5125
51334
51339
51559
51571
5168
51684
51804
5272
54101
54510
54577
54677
54839
55018
55068
5507
55076
55214
55258
55260
55346
55351
554175
55422
55506
55553
5569
55714
55755
55906
55930
56033
56062
56133
56136
56137
56138
56140
56144
56147
56603
56649
56704
56776
56849
56967
57110
57156
57211
57381
574040
574441
57492
57507
57526
57554
57575
57597
57619
57631
57633
57687
57692
57719
5778
57821
58
5803
5806
58504
5891
59
5947
60312
60680
6080
6095
613037
6273
6289
6374
63982
64131
641451
64221
642316
64241
642569
642892
643355
643916
64405
644248
644662
6447
644776
645323
645840
646
646024
646766
646912
646970
647085
64792
6489
649458
6507
653619
6591
65975
66000
6615
6695
677772
677829
692225
693128
70
7023
7058
7075
7134
727
727941
727967
727982
728064
728448
728532
728656
728758
728763
728853
729338
729727
729920
730109
7448
7455
7474
751602
7545
7547
7784
79160
79366
79490
79605
79633
79739
79870
80023
80069
80723
8076
80816
81221
8148
81796
83468
8349
83592
83690
83700
83857
83890
83987
84216
84251
84449
84465
84529
84547
84552
84622
84826
84847
84870
8490
84935
8496
85004
85413
8642
8738
89797
90134
90139
90249
90293
90557
9077
9079
9162
91653
9182
9185
91851
91975
9200
93010
9388
94009
94030
9455
9502
9586
96626
9754
9762
9892
9955
100033413
100033427
100033433
100033434
100033820
100033821
100038246
100101115
100124536
100128164
100128178
100128356
100128551
100128591
100129581
100129647
100129716
100130176
100130238
100130865
100131355
100132004
100132015
100134937
100170939
100189532
100190938
100233209
100270904
100270964
100287209
100287482
100287569
100287728
100287948
100288413
100288860
100289019
100289351
100292804
100313801
100381270
100462772
10149
10154
10161
10203
10389
11013
11036
11118
114599
114655
114800
114801
114900
114905
115361
116966
120892
121364
122060
123745
124359
124923
125963
126272
126767
1293
129870
130497
1306
132625
132989
134111
135270
135398
135656
1379
140603
140612
140689
140690
143686
144097
144203
144233
145845
146857
147650
147949
150291
151254
1513
151556
151887
152330
154075
154214
155019
158835
158880
160518
161271
161436
163051
163255
164714
1668
166979
167691
169792
170261
170627
170685
170692
170850
171024
1832
1879
191586
1960
196047
196913
1996
201134
203859
2078
2086
2113
219285
219539
220108
221395
221687
221786
222171
222183
222223
22869
22918
23090
2322
23380
246112
246269
246704
252948
253264
254427
255180
255928
2565
256880
257044
25827
26022
26034
260340
26059
26353
26735
26767
26795
27010
27030
27286
27344
283070
283102
283174
283270
283417
283537
283659
284581
28461
284628
284716
285
285190
285195
285971
286046
286097
286187
286319
2882
28986
2982
29931
30010
3075
3119
3200
338398
338773
340533
342541
343070
344657
344805
346689
347475
3492
3575
359753
3707
3751
375704
377047
386597
387055
387104
387357
387758
388165
388633
389064
389136
389158
389206
389421
389607
389730
389787
389903
390073
390443
390535
390760
392140
392540
399716
399726
399959
400761
400954
401250
401375
401409
401661
403239
403244
405754
4081
408186
4194
4254
4311
440050
440119
440187
440461
440519
440737
440822
440865
441067
441094
441108
441212
441234
442517
442572
4541
4692
494470
503640
503646
504191
50507
5067
51101
51191
51285
51299
51313
5142
51705
5243
5274
53346
54331
54674
54734
54756
54843
54933
55034
55070
55228
55283
55296
554206
55531
55680
5579
55790
55855
55964
56134
5638
56479
56934
56944
57007
57088
57094
57221
5729
5730
574089
57477
57482
57545
57569
57608
57628
57683
57722
57728
5774
5791
58494
607
6077
613209
619208
619279
619498
619562
619570
6252
6330
63977
64101
64123
641928
643648
643770
644051
644316
644353
644873
645181
645426
645455
646278
646804
647219
64726
647286
64798
648149
651302
654320
654466
65978
6696
6775
677767
677771
677776
677780
677781
677792
677793
677794
677795
677796
677797
677802
677806
677812
677820
677823
677831
677834
677838
677848
692085
7048
7099
7130
7185
7196
7207
7214
727936
728242
728264
728339
728409
728782
729021
7292
729264
729495
730020
730092
730101
7412
7483
767563
767564
7728
7730
7767
79614
79618
79625
79630
79642
79649
79656
79667
80034
80215
80863
81470
81553
81704
81706
81788
83478
83595
83716
83872
83988
84100
84141
84189
84249
84456
84541
84553
84624
84750
84868
84886
85319
85449
8605
8842
89876
90246
90427
9098
91156
91351
91523
91752
9194
92126
9214
92241
93145
93953
94235
9543
9734
9737
9750
9844
10008
100126791
100128003
100128176
100129617
100129633
100130155
100130285
100130417
100130502
100131213
100131755
100131997
100132005
100132460
100133053
100133308
100133669
100144597
10017
100188953
100192379
100240728
100287558
100287807
100288198
100288208
100302691
100302736
10071
10077
10141
10218
10331
10344
10361
10642
10750
10758
10894
10965
111
11105
112802
11309
113091
1132
113622
113746
1138
114038
114043
114335
114761
114987
116179
116449
116519
116835
118421
120863
121268
121793
1232
123876
124093
124602
124842
124857
124975
125962
125965
125981
126520
126859
127254
127343
127579
127731
128602
128822
1300
130106
130951
1310
132112
1338
134083
134265
1357
136853
138307
139716
140628
140687
140706
140825
140880
140893
140947
1418
142689
143501
143872
144568
144817
145447
145581
145978
146212
146861
146894
1469
147111
147199
1473
147658
1482
148581
148808
1489
149086
149095
149461
149773
150297
150472
150622
1511
151484
151827
152206
152286
152992
153020
154089
155051
157556
158046
158248
1585
1588
159162
160065
160298
161142
161394
161497
162137
162333
162387
162514
162515
164153
165057
165829
169026
170393
170536
170572
170961
171483
171484
1768
196374
196500
197187
197320
1990
200172
200403
200539
201305
201798
201989
202500
203062
204219
2046
2196
219793
220082
220965
221458
221692
222256
222487
222826
223075
223117
225689
2266
22865
23205
23217
23281
23439
23440
2350
23532
23614
23615
23732
24142
245802
246716
253512
253559
253868
254122
254173
254559
254958
255025
255480
255877
256158
256223
256472
256536
257240
25833
26070
2626
26267
2638
26494
26541
266553
266629
2668
266918
26776
26777
27033
27085
27133
276
282616
282973
283314
283403
283455
283484
283485
283663
283665
283673
283682
283692
283849
283860
283875
283933
284110
284187
284260
284293
284339
284418
284424
284434
284440
284661
284764
284904
284933
284958
285095
285242
285326
285598
285601
285692
285782
285954
286114
286149
286154
286207
286234
286333
286442
286753
2880
28831
2900
29122
29125
2977
29797
29850
2996
3007
3010
3012
3013
3110
3167
3228
337969
338328
338440
338579
339105
339192
339390
339501
339524
340359
340544
340602
343413
3439
346517
347148
347527
347741
348158
348840
348980
353134
3537
3547
359710
360132
374393
374470
374491
374946
375607
375611
375759
3818
387486
387695
387923
388021
388394
388553
388555
388585
388685
388942
389058
389384
389715
390195
392391
392465
3973
399693
399717
400128
400236
400238
400509
400620
400891
4009
400935
400955
401106
4014
401565
402381
406947
4103
4104
414201
4210
4240
4284
439931
440028
440087
440137
440295
440456
440836
440896
440955
441911
4606
4632
474
4829
4846
4909
497048
497258
503519
50632
50636
50651
50805
51127
51281
51305
5136
51378
51481
5179
51807
5222
5314
53336
53820
54084
5409
54102
54523
5459
54748
54754
54760
54997
55150
553137
55354
55370
55561
55619
5568
55821
5588
55997
56097
56157
56301
56413
5651
56651
56729
56979
56988
57139
574
57524
57611
57642
57699
57796
57828
58483
58524
59284
59351
5949
6169
619373
6274
631
6331
6370
63947
6407
6425
643314
64333
643406
643797
64518
645188
645591
64593
646113
646482
646522
647024
64745
64779
65082
6517
653110
653275
6542
6580
6582
66004
671
6887
7012
7087
7136
7151
7224
723972
727924
727961
728084
728229
728485
728543
728621
728978
729224
729359
729658
730
730755
731424
7634
7675
768239
7757
7762
7782
78995
79015
79024
79025
79192
79465
79570
79623
79818
79857
79905
79925
79933
79934
79981
79998
80000
80111
80835
80862
81030
81491
81626
81629
8328
8343
8346
83650
8367
83694
83698
8372
83733
83853
83878
83881
83886
83889
84034
84063
84083
84144
84152
84176
8444
84536
84570
84618
84620
84626
84630
84696
84757
84808
84871
84970
85021
8526
8528
85300
85359
85364
85366
85479
8551
8712
8778
8784
89944
90226
90668
90827
9103
91074
9154
92304
93444
9358
94
9402
94120
94160
9545
9626
9662
9720
9941
9965
100008588
100009676
10003
100033431
100033822
100034248
10004
100128285
100128374
100128501
100128751
100128818
100128977
100128979
100128988
100128998
100129128
100129395
100129427
100129449
100129455
100129572
100129940
100129946
100129969
100130071
100130249
100130264
100130314
100130331
100130433
100130449
100130557
100130613
100130717
100130815
100130872
100130988
100131077
100131138
100131170
100131373
100131454
100131726
100131766
100131943
100132024
100132080
100132116
100132217
100132319
100132341
100132354
100132356
100132386
100132686
100132911
100133106
100134317
100141515
100144596
100151643
100287290
100287879
100287902
100288313
100289090
100303728
1007
10089
10117
10126
10143
10151
10178
10246
10261
10279
10281
10288
10326
10333
10335
10394
1046
10462
1053
10538
10561
10562
10578
10588
10648
10650
10655
1066
10665
10669
10673
10699
10742
10761
10780
10842
10855
10874
10875
10880
10886
10887
10942
10991
11005
11009
11023
1103
11093
11133
11172
11199
11213
11228
112401
11250
112755
112885
11314
113220
113235
11326
113540
113675
113828
113878
114
114036
114041
114131
114132
1143
114571
1146
114780
114783
114788
114795
114798
114804
114818
1149
1154
115557
115572
115584
115703
115795
115861
116039
116085
116135
116154
116173
116255
116337
116362
116369
116379
116442
116448
116729
116969
117154
117156
117157
117159
117194
117196
117245
117286
117289
117579
117608
1179
118425
118426
118442
118471
118611
118663
118738
118856
119385
119395
119467
119587
119678
119679
119687
119695
119764
119772
119774
120066
120071
120237
120586
120939
121130
121256
121275
121278
121340
121355
121391
121952
122042
122258
122402
122509
122618
122748
1230
123041
123355
123722
123879
124056
124221
1244
124404
124535
124538
124590
124599
124626
124773
124790
124872
124912
125111
125206
125336
125875
125972
126014
126123
126204
126205
126206
126248
126364
126370
1264
126402
126433
126549
126567
126637
126695
126755
127002
127059
127062
127077
127124
127247
127294
127385
127391
127435
127623
127670
127795
128077
128229
128272
128346
128367
128497
128611
128817
128821
128854
128859
128864
128872
128876
128954
129684
129804
1299
13
130132
130399
1308
130827
131149
131375
131377
131540
131583
131890
132141
132228
132243
132332
132612
132946
132954
133482
133522
133558
133584
133688
134187
134288
134353
134526
1346
134701
134829
135152
135295
135458
135932
135935
136227
136242
136259
136263
136541
136991
137075
137735
137868
138065
138429
138474
138802
139067
139170
139212
139324
139604
139628
139728
139735
139741
139804
140460
140469
140578
140679
140680
140711
140767
140771
140803
140807
140832
140834
140836
140873
140875
140881
140883
1411
142684
142827
143098
143153
143188
143282
143379
143425
143471
143630
143941
144193
144347
144423
144501
1446
144717
145226
145258
145264
145270
145407
145483
145497
145501
145741
145814
145946
146225
146279
146310
146336
146456
146722
146723
146822
146845
146849
146853
146862
147
1470
147011
147081
147138
147183
1472
147372
147381
147429
147463
147495
1475
147525
147700
147719
147746
147804
147808
147841
147872
147948
147968
148014
148022
148109
148113
148231
148268
148281
148304
148345
148641
148738
148741
148811
148870
148898
148930
148979
149134
149297
149563
1496
149650
149685
149699
149708
149837
149954
150135
150142
150165
150209
150244
150356
150365
150378
150379
150538
150677
150709
150763
150771
151121
151174
151176
151258
151278
151325
151473
151516
151531
151647
151651
151835
151871
152002
152048
152138
152185
152195
152756
152789
152831
1536
153643
153745
153769
154150
154288
154386
154661
154872
155185
155382
157724
157740
157753
157773
157927
158055
158062
1582
158326
158431
158521
158572
158586
158724
158763
159296
1593
159371
159963
160287
1607
1608
161291
161514
161582
161635
161725
161753
161931
162083
162417
162466
162517
162540
162962
162979
162998
163033
163131
163175
163183
163351
163688
163702
163778
163933
164091
164237
164284
164592
164684
165082
165140
165530
165631
165679
165721
166348
166655
166793
166863
1672
167410
167465
1675
168002
168391
168400
168448
168507
169355
169522
169693
169966
170370
170482
170626
170689
170691
170825
171019
171169
171177
171389
171482
171489
173
1735
1747
1761
1791
1794
181
1823
1828
1830
1840
1844
1880
192668
193629
1946
1947
196296
196472
196549
196883
197
197021
197196
197257
197358
1991
199675
199699
199713
199786
200081
200261
200315
200317
200407
200523
200558
201140
201175
201243
201299
201456
201780
2019
2020
202020
202299
202309
2028
202865
202915
203074
203100
203102
203413
203430
203569
204474
204801
205147
206338
206358
2069
212
2123
2140
2151
2158
2167
219287
219348
219409
219473
219484
219527
219557
219578
219623
219865
219873
219952
219957
219960
219968
219972
219981
219995
220032
220070
220107
220202
220296
220359
220382
2205
2207
221044
221074
221091
221188
2212
221223
221241
2213
221301
221303
221400
221416
221421
221476
221481
2215
221613
221711
2219
221938
222008
222546
222659
222698
222894
222950
2241
2251
22864
22915
22917
22977
2301
2306
23087
23101
23117
2312
23251
23415
23519
2352
2354
23547
23562
23567
2357
23581
23583
23591
23601
23627
23630
23671
23676
23704
23743
23780
239
241
24141
245806
245913
245929
245936
246126
246213
246777
246778
2515
2526
253128
253639
2538
254028
254042
254187
254439
254778
254910
254950
254973
255022
255061
255193
255220
255330
255426
255798
256076
256236
256302
256329
256355
256646
256710
256714
256979
257000
257062
257101
257103
257106
257236
257313
257629
25780
25818
25834
2587
25894
25903
25924
259249
259291
259296
259308
25984
26032
26040
260434
26045
26084
2615
26188
26212
26223
26231
26239
26245
26254
26257
26259
26291
26301
2641
2646
26471
26492
26493
26497
26504
2651
26525
26548
2658
266
2660
266675
266971
266977
2672
26740
26766
26780
26797
26799
26819
26820
26821
27006
27012
27023
27039
27076
27099
27113
27121
27123
27160
27177
27189
27201
27231
27232
27283
27290
27294
27295
27306
2742
27439
27443
2780
2793
2815
2826
282679
282706
282808
282966
2831
283129
283135
283150
28316
283171
283218
283234
283248
283297
283303
283310
283375
283392
283401
283416
283460
283463
283471
283507
283521
283551
283571
283579
283598
283600
283601
283629
283685
283687
283693
283694
2837
283711
283748
283777
283807
283869
283870
283932
283948
283982
284009
284034
284069
284071
284085
284111
284112
284123
284124
284185
284186
284254
284257
284274
2843
284312
284348
284359
284367
284382
284383
284406
284415
284422
284427
284451
284486
284498
284541
284573
284615
284654
284680
284723
284729
284739
284757
2848
284836
284837
2849
284948
285016
285126
28513
285150
285231
285429
285492
285513
285525
285659
285668
285696
285800
285847
285848
285852
285961
285962
286075
286076
286102
286103
286133
286183
2862
286223
286359
2864
286499
286514
2888
2893
29104
29108
2920
2921
2928
29765
29774
29895
29935
29949
29951
29953
2999
30009
30012
3002
3004
3006
3008
3018
3036
3042
305
3062
3080
30817
3116
313
3157
3171
3175
317701
317705
319
319100
319101
319103
3201
3205
3225
3229
3234
3237
3249
326340
326343
326625
3274
3284
3291
3293
3294
333929
3357
337878
337880
337963
337975
337976
337979
338094
3381
338321
338382
3384
338599
338661
338675
338699
338785
338797
338799
339168
339221
339263
339302
339345
3394
339456
339479
339483
339488
339761
339768
339779
339883
339896
339967
339976
340024
340069
340075
340120
340146
340152
340168
340277
340390
340393
340526
340527
340543
340554
340591
340595
340596
340745
341032
341152
341359
341405
341567
341880
342184
342510
342527
342538
342574
342618
342667
342898
342926
342945
342977
343
343071
343172
343477
343505
343637
343641
344018
344758
344838
345630
346171
346389
346606
346653
347127
347168
347252
347273
347365
347468
347487
347694
347730
348093
348094
348110
348303
348487
348825
348932
348938
349136
349149
349565
349667
350383
353131
353135
353139
353141
353144
353145
353164
353174
353189
353288
353324
3543
3586
3593
3594
360030
360203
360226
3603
3606
3617
366
3683
373863
3743
374355
374387
374454
374654
3747
374768
374864
374877
374887
374907
374918
374955
374987
3750
375033
375035
375196
375295
375298
375346
375387
3754
375567
375612
375686
376132
376412
3776
3781
378832
3824
3850
3852
3860
3861
386678
386683
387496
387597
387694
387700
387718
387720
387751
387755
387775
3882
388289
388323
388325
388333
388335
388364
388387
388389
388507
388533
388581
388698
388799
3888
388818
388951
3890
389073
389084
389090
3891
389199
389208
389320
389336
389362
389400
389458
389549
389610
389634
389812
389840
389860
389874
389895
389932
390035
390036
390037
390058
390075
390078
390083
390093
390113
390167
390190
390191
390201
3903
390429
390431
390433
390439
390445
390648
390649
390882
390963
391114
391123
391189
391211
391253
391712
391723
392196
392307
392364
392376
392490
392617
393046
3937
3952
3957
3982
399
3990
399671
399814
399827
399879
399923
399947
399949
400169
400206
400223
4004
400464
400658
400668
400709
400765
400798
400804
400841
400850
400863
400931
400934
400952
400961
400965
401010
401114
401137
401138
401262
401265
401281
401320
401410
401459
401491
401546
401557
401647
401667
401720
402135
403278
403323
404201
404203
404216
404281
404552
404744
4063
4100
4107
4129
414157
414196
414235
414301
414332
4145
414899
416
4222
4232
4250
430
4314
4317
431707
432
4326
433
4332
439914
439927
439936
439996
440049
440051
440072
440097
440253
440278
440279
440337
440419
440482
440508
440590
440700
440905
440934
441168
441179
441208
441310
441601
441608
441639
441818
441933
442028
442038
442075
442361
442444
442721
445372
449520
4540
4589
4600
4610
4617
4621
4624
4688
474343
4762
478
4796
480
4804
4821
4843
4879
4880
492307
4938
493829
493861
4939
494119
494150
494514
4969
497189
4973
49860
49861
5004
5023
5027
5028
50486
50489
5049
50508
50512
50514
5055
50604
50700
50801
50836
50837
50839
50846
50856
50939
50945
50964
5100
5105
51087
51145
51146
51152
51161
51195
51259
51276
51284
5138
5161
51617
5166
51703
51716
5174
51744
5175
5176
51802
51806
5196
5197
5232
5271
5273
5308
53342
53353
5336
5345
53632
5368
53826
53828
53829
53831
53833
53940
53947
54
54067
54072
5408
54083
54094
54112
541468
54210
54329
54346
54360
54435
54437
54440
54456
5446
54491
54504
54508
54532
54544
54553
54586
54660
54742
54749
5475
54752
54785
54814
54829
54831
54875
54894
54905
54941
54944
54957
54960
54974
54991
55008
55026
55051
55063
55107
55192
55222
55225
55231
55237
55244
55262
55281
55289
55298
55304
55313
55314
5535
55356
55366
554174
55503
55509
55510
55511
5553
5555
55586
55698
55722
55796
55799
55812
55825
55840
55897
55924
55954
55998
56000
5610
56143
56155
56156
56203
5623
56246
56253
56269
56300
56548
5657
566
56659
56660
56670
56683
5670
56751
56895
56899
56901
56911
56914
56918
56923
56924
56936
56953
56961
56969
57016
57051
57057
57084
57105
57151
57159
57161
57167
5726
5732
5737
57379
5739
574407
574431
57458
5746
57464
57467
57469
57479
57481
57484
57491
57495
57502
57512
57529
5753
57549
57565
57571
57596
57622
57624
57626
57644
57657
57710
57713
57817
57822
57829
5788
5790
58160
58189
58480
58484
58491
58511
58531
58538
5871
590
5913
5919
59269
59336
59341
5948
6011
6014
6045
60467
60484
60490
60529
606553
60677
6103
613212
619207
624
6261
6271
6278
6286
6309
6338
6339
6347
6354
6362
6363
6368
6369
63948
63950
63951
64005
64106
64129
641371
641372
64167
64173
64180
64184
64208
64231
64240
642477
642559
642587
642648
642757
642776
642864
642938
642946
642987
64321
643210
643549
643659
643763
64377
643812
64388
643997
64410
644128
644139
644903
645104
645195
645683
645745
645832
645843
646049
646359
646383
646531
646625
646658
646799
646888
646982
64711
647115
6476
64763
64789
64805
64806
64866
64902
649179
64919
6492
64978
649946
6503
65061
650662
651430
652276
65249
652991
653240
653677
654254
654429
654433
654502
6547
654780
6553
6570
6571
65979
65988
65989
6608
661
6641
6658
668
6691
6704
6708
6725
6750
6751
6768
6770
677801
677819
677833
677840
6779
683
6860
692092
692099
692157
692158
692247
6939
695
6975
6991
6997
7069
7097
7100
7103
712
7125
713
714
7141
7164
7173
719
7200
7221
7223
7276
7278
728
728279
728283
728299
728437
728606
728690
7288
728800
729085
729444
729513
729614
729866
730098
730441
732253
732275
733
7349
7391
7401
7441
7442
7473
7476
7477
7478
7484
7499
750
7564
7567
7584
7652
767558
767579
767606
7678
7681
7755
7802
780776
7827
7851
786
78986
78989
78997
79007
79094
79140
79153
79187
79190
79230
79258
79290
79310
79317
7941
79473
79544
79594
79616
79628
79658
79660
79679
79686
797
79719
79722
79750
79777
79783
79794
79798
79805
79838
79844
79847
79856
79865
79883
79899
79927
79929
79930
79943
79957
79977
79992
80004
80008
80052
80063
80072
80108
80115
80117
80177
80195
80224
80230
80237
80255
80274
80304
80310
80339
80342
80712
80714
80765
80778
80834
81027
81050
81300
81448
81472
81490
81501
81562
81623
81832
81833
8187
81872
8218
8290
8294
8309
8320
8332
8336
834
8340
83445
83446
83447
83464
8348
83480
83483
8350
8351
83538
83546
83551
83598
83639
83643
83647
83695
83697
83714
83723
83734
83741
83743
83755
83758
83795
83850
83851
83854
83863
83867
83868
83869
8387
83876
83884
83888
83893
83902
83903
83938
83953
83954
83955
83983
8403
84068
84069
84070
84074
84077
84099
84106
84107
8418
84222
84226
84239
84258
84278
84281
84301
8433
84332
84366
84417
84432
84435
84439
84443
84446
84457
84502
84504
84518
84539
84614
84616
84623
84631
84632
84634
84639
84648
84657
84658
84660
84666
84667
84684
84689
84691
84692
84699
84700
84707
84709
84735
8475
8477
84804
84812
84814
84839
84842
84848
84850
84867
84873
84889
84891
84911
84915
84940
84944
84951
84966
84978
84989
85009
85027
8511
8521
85235
85290
85291
8530
85329
85397
85407
85409
85414
85416
85417
85439
85443
85474
85480
85481
85495
8557
85865
8590
8601
8641
8653
8685
8698
8715
8736
8740
87769
8785
8788
8798
8808
8811
8823
8825
885
8858
8940
8968
8969
89766
89777
89801
89848
89857
89869
8988
89886
89887
90050
90060
90070
90167
90326
90362
9046
9051
90525
9056
90594
90625
9068
90737
90768
90853
9087
9096
9104
91050
911
91181
9119
91392
9149
915
91522
91584
916
91607
91608
91646
91662
91694
9172
91749
91775
91949
92129
922
92235
9227
92292
92293
92359
92369
924
9247
92591
92691
9271
929
9290
92922
92960
93034
9308
93273
9332
9333
93377
9340
93587
93649
9366
93661
93979
94031
94059
94086
94121
942
94233
94236
94240
94274
9429
948
9496
9501
9507
951
9573
962
9629
963
9651
96597
9705
9715
9739
9796
9808
9880
9920
9951
9957
9976
100073347
100113384
100128175
100128239
100128691
100128770
100128782
100129858
100130642
100130992
100131303
100132234
100134259
100144602
100288578
100302522
10158
10225
10230
10380
10501
10584
10599
10720
10859
10941
10974
11076
11081
11123
1114
11165
11185
11262
112703
11274
11279
113763
113835
1140
114771
114790
115273
115290
115350
115727
115827
116115
1178
118670
119548
119694
120065
120400
121214
121273
122046
122183
122945
123099
123264
124460
125061
125113
126068
126069
126526
126969
127943
128209
128344
129807
131177
132660
134147
134860
135154
136306
1366
137362
138883
139221
140766
140856
1421
1427
142910
143496
144110
144448
144809
144920
145864
146433
146779
146850
147741
148479
148709
149643
149647
150353
150368
150572
1524
152503
152687
152940
154007
155038
155368
157310
157807
158160
158297
158376
158405
158931
160492
160728
161198
163050
163589
164380
164832
165545
165904
165918
167681
167826
168975
170679
1769
192286
195814
196385
196968
196993
199974
200014
200350
200373
201163
201475
2015
203562
204962
2157
2159
216
2169
218
219482
219621
219690
220001
220064
222967
2268
2272
22802
22829
22879
22885
2310
23132
23303
23554
23555
253152
253430
254295
2560
256130
256691
256764
256892
25790
25797
25862
25884
25974
260436
26145
26157
26222
26248
26272
26338
266919
26707
2694
27071
27074
27127
27240
27329
27334
27343
27434
27442
2792
283089
283111
283208
283298
283335
283514
283652
283999
284040
284047
2842
284215
284338
284532
284546
284612
285097
285141
285194
285313
285622
285641
285771
286557
28663
2867
2875
29785
29800
29948
3001
3043
3071
317772
326624
3346
3347
337974
338069
3386
338667
338751
339977
340654
341416
341799
343563
3445
344807
344905
345274
345557
345930
346528
347344
348761
3495
352909
353133
353137
353219
3577
3595
361
3619
3627
3695
3702
374443
374618
374786
375337
3767
3783
3821
387032
387590
388327
388531
388649
388662
388813
389170
389676
389856
390077
390154
390168
390174
390199
390282
390705
3909
391002
391107
392197
3934
3965
3977
399967
4008
400830
400927
401124
401145
401494
401630
403257
403282
4033
407738
4118
414194
414300
414328
4153
439951
440173
440345
440352
440699
441061
441167
441441
441519
441525
441549
441581
441670
441873
442191
442213
444882
4477
4619
4622
474354
4778
4950
5029
50852
51004
51077
51135
51237
51266
5129
51348
51478
5159
5288
53344
53347
5341
54020
5449
54503
5468
54762
54763
54855
54893
55065
55175
55218
55295
55362
55662
55693
55731
55779
55798
56120
56142
56165
5625
56256
56605
56832
56977
57047
57224
57232
57282
5734
57393
57519
57546
57574
57579
57823
5837
5874
59082
5918
597
5973
5996
6037
60494
606
606495
6092
6236
6366
63893
63932
64080
64081
64084
64111
642597
64288
6431
64320
643226
644150
644334
644634
64581
64595
646480
646603
647174
64757
64782
64881
64926
65065
650655
652147
65217
6676
6688
6690
6701
6705
6707
6712
676
6783
6863
6884
6947
7044
7098
710
7122
7180
727869
727940
728224
728712
729262
741
7433
7561
7565
7693
7718
7768
788
79132
7915
79156
79345
7940
79411
79413
79414
79541
79589
79608
79690
79753
7976
79788
79841
79852
79879
79931
79944
79949
79991
80086
80207
80776
80823
80830
80833
8139
81602
81607
81696
8338
8344
8355
83550
8368
83706
83882
83894
83982
84000
84071
84167
84197
84217
84643
84671
84672
84679
84747
84892
8497
84985
85320
85369
85455
85569
8638
8654
8693
8755
8809
8875
8916
89765
89822
89932
904
90423
9050
90649
90665
910
91056
912
9122
914
91445
91464
91543
91544
91782
91807
919
9245
92749
92815
9304
9313
93517
93556
94023
9435
9476
9498
952
9595
9633
9674
969
9723
9726
973
974
9963
9985
100130531
100132101
10125
10170
10324
1043
10568
10597
10691
10804
10863
10865
10871
11012
11026
1113
11254
11283
114898
115110
115399
116443
116842
1208
122616
1259
140453
140545
143689
149111
149775
150568
1521
154822
158584
158863
159091
163732
168537
1807
1833
199
200162
200958
201895
202181
2209
2262
2277
22843
2330
23322
23493
23643
2444
246
254057
25988
26112
26146
26240
26270
2628
26298
26499
26783
27094
27289
27299
283120
286272
28968
29121
29760
29802
29851
3017
3059
3115
3198
3199
33
340348
3433
344148
353088
3561
374
3769
3790
3820
3823
3902
3948
399491
399876
400027
400966
401052
4050
4246
4249
4283
439949
440738
4634
474344
493754
4940
5013
5031
50506
51027
5104
51156
51316
51327
51365
51458
51473
51554
51560
5158
51673
51700
51751
5319
5321
5383
54209
54657
5473
54790
548321
54860
54887
54900
54922
5506
55089
55184
55195
55301
554202
5551
55525
55620
55638
55655
55713
55733
56099
56122
56164
56287
56892
57017
57121
57528
57562
57612
57705
5816
5897
59348
5967
6003
60437
608
6323
6361
6364
6372
6401
64091
642394
643529
6441
646934
64850
6495
6504
652231
653160
653509
6563
65999
6906
692236
7124
7137
723790
7306
7504
7549
7597
7694
7700
78990
79088
79442
79598
79600
79639
79644
79696
79727
79840
79862
79864
79895
79917
79986
80059
80157
80380
80705
81558
81624
8284
83401
83473
83544
8370
8382
83861
83887
84174
84276
84525
84561
8464
84645
84665
8743
8759
8796
8970
89832
90024
90075
9084
9095
91319
917
92162
92196
9242
930
93429
9398
9499
9547
9607
9982
100101938
100125871
100125918
100127940
100127950
100127972
100127980
100128079
100128198
100128202
100128288
100128729
100128830
100128840
100128922
100129112
100129175
100129196
100129335
100129345
100129380
100129460
100129482
100129510
100129597
100129637
100129827
100129933
100129935
100130357
100130418
100130429
100130452
100130468
100130609
100130733
100130742
100130855
100130933
100131112
100131283
100131530
100131564
100131691
100132304
100132476
100132596
100132735
100132942
100132963
100132987
100133047
100133130
100133319
100133461
100133612
100133683
100134041
100134229
100134368
100134713
100147773
100169752
100169989
100271715
100271722
100286925
100287114
100287166
100287598
100287877
100288238
100288590
100288893
100288911
100289673
100302692
1010
10172
10216
10251
1038
1047
10537
10666
10693
10734
10800
10818
10870
10912
10964
10984
11037
11063
11066
11126
113230
114614
114769
114792
114796
114821
114826
114827
114836
114899
115111
115286
115811
116093
116159
116437
116511
116828
116933
117195
117247
117531
118430
118932
119180
1193
119692
120329
120425
120824
120935
121549
122651
122664
122773
122970
123591
123624
123970
124989
125919
126
126374
126410
126638
126820
127495
128653
128674
128710
129607
130013
130120
130749
132671
132724
132884
133690
134121
134637
134864
135
1352
135644
135886
1359
135927
136332
136371
137872
137902
1380
138050
138805
139105
139599
140290
140456
140564
140699
140733
140850
140886
140894
140902
142679
1428
143241
1436
143879
144124
144321
144486
144715
144766
144776
145474
145645
145663
145773
145788
145820
145945
146429
146434
146556
146771
146802
147172
147657
147660
147670
147685
147744
147945
148046
148696
148987
149047
149351
149401
149465
149466
149499
149603
149998
150005
150082
150185
150577
150596
150935
150962
150992
151056
151126
151242
151438
151790
151888
1520
152405
152742
152816
153546
153642
153657
153682
153811
154442
154865
155006
157381
157562
1577
157777
158234
158257
158295
158401
158506
158866
159119
1594
160364
160365
160762
161145
161253
161502
161779
161835
162282
163782
164127
164312
164781
165186
166824
168090
168741
170062
170082
170425
170591
171391
1767
192134
1962
196335
196463
196475
197003
197135
197259
199221
199920
200132
200830
201477
201617
201625
201799
202025
202134
202151
203190
203274
203522
205860
219432
219681
219731
219770
219833
219902
219986
219990
220047
220416
220980
221016
221191
221391
221442
221584
221756
222545
222662
225
22797
22806
22914
22947
23143
23145
23233
2326
2328
23409
23460
23639
23682
245711
245909
245937
245938
246181
246318
2488
252884
252946
253012
253044
253582
253805
253970
254048
254065
254158
254240
254268
254272
254312
254394
255119
255130
255177
255324
255403
255411
2556
255631
255654
255738
255762
256006
256126
256227
256309
256369
256380
256957
257144
257358
257396
25784
259215
259239
25928
259285
259294
25956
26062
26069
26074
26166
26189
26211
26242
26281
2630
26333
26339
26341
26628
26664
266695
26686
266917
26696
267002
26762
26817
27031
27063
27098
27136
27151
27202
2796
2825
282763
282775
283027
283033
283038
283050
283152
283159
283177
283214
283219
283352
283358
283365
283446
283480
283483
283501
283585
283588
283592
283596
283658
283713
283737
283738
2838
283854
283859
283867
283876
283888
283897
283911
283914
283994
284014
284021
284099
284100
284219
284233
284242
284263
284294
284349
284353
284365
284369
284379
284395
284443
284459
284475
284513
284551
284570
284578
2846
284610
284632
284697
284749
284751
284801
284805
284865
284898
284912
284950
285025
285045
285051
285084
285093
285335
285349
285375
285378
285386
285389
285419
285431
285501
285512
285547
285555
285627
285628
28568
2857
285733
285735
285766
285768
285827
285878
285888
285889
285965
285972
286023
286058
286087
286184
286189
286190
286299
286362
286370
286437
286464
286749
286828
287015
28823
28959
28981
29106
29118
2940
29767
29923
29930
3122
317671
317702
3202
3212
3248
337
337959
338002
338442
338645
338653
338674
338758
338809
338864
339166
339240
339298
339316
339400
339416
339468
339505
339512
339539
339568
339622
339666
339803
339807
339822
339829
339894
339975
339988
340037
340074
340178
340184
340357
340547
341640
342908
342979
343035
3434
343450
344595
3458
345895
3467
347688
347689
348013
348254
348807
348817
349075
349408
3507
352961
353513
353515
3574
3578
3580
3621
3670
3681
373856
374403
374462
374860
374897
375010
375316
375616
378828
379034
386724
387647
387715
387978
388011
388121
388210
388381
388458
388503
388646
388692
388889
388939
388946
388965
389119
389161
389207
389247
389763
390053
390059
390271
390326
3904
390927
390940
391196
397
399697
399875
400500
400508
400512
400618
400649
400684
400748
400768
400831
400946
400958
400999
401068
401093
401134
401176
401190
401207
401261
401321
401445
401463
401634
401913
402778
403150
403273
403312
4046
405753
4065
4114
414149
414260
414308
414319
414926
4318
4322
439916
439950
440101
440104
440131
440268
440330
440356
440416
440704
440829
440854
440862
440867
440952
440981
441025
441086
441272
441295
442117
442720
442868
4438
4597
4620
4689
474148
4773
4815
4900
493860
494127
494558
4951
497049
5015
5024
5026
503497
504190
50615
50624
50652
50832
50838
51086
51206
51217
51225
51252
51265
51294
51311
51338
51402
51411
51557
51733
5212
5251
5287
5294
5367
53836
53942
54089
54511
54514
54558
54716
54769
54797
54809
54823
54883
54901
54943
54954
54967
55
55064
55096
55106
55303
55328
55365
55478
55521
55532
55534
55592
55628
55843
55846
56100
56110
56158
5624
56311
56667
570
57101
57186
572558
574028
57480
57501
57514
57523
57578
57615
57643
57663
57677
57684
57689
57827
57834
59067
59350
59352
6036
60686
6101
613211
613266
619190
619351
619427
6335
6345
63901
63906
63914
64002
6402
64098
64108
641298
641311
641364
641455
641515
64168
64174
64218
642345
642426
642533
643037
643365
643382
643414
643441
643623
643733
643749
644186
6445
644604
644794
6450
645090
645485
646019
646241
646268
646627
646736
646762
646999
647107
647166
647323
647716
647946
648691
648987
64922
649446
652972
653190
653192
654434
654790
654817
6590
66037
6706
677779
685
6850
6916
7062
724087
725
728130
728158
728175
728196
728269
728358
728434
728450
728537
728743
728798
728805
728868
728912
729047
729088
729173
729220
729307
729355
729522
729770
729839
729967
729975
730202
730249
730495
7356
7363
7404
7409
7432
7592
7673
768206
7711
7761
7772
79064
790952
79152
79168
79339
79363
79575
79635
79645
79673
79725
79747
79760
79785
79820
79843
79896
79923
80094
80124
80216
80217
80312
80320
80345
80728
80736
80759
80761
81029
81061
81488
81793
820
8287
83449
8354
8359
83597
83659
8366
83747
83866
83895
83896
83897
8404
84066
84102
84109
84124
84190
8420
84203
84229
84237
8424
84290
84322
84503
84636
84647
84654
84663
84675
84725
84765
84767
84771
84953
85016
85285
85289
85294
85411
85445
85478
85509
863
8639
8645
8807
8909
8972
89790
89874
89882
89883
89885
9027
9033
9047
90506
90523
9076
9082
90834
90987
91147
913
9142
91450
91703
91937
92070
921
92291
9288
93035
93082
931
94122
9447
945
9450
9457
959
972
9729
10563
10879
11006
11131
11148
113277
1215
1236
133121
140461
140462
143662
144132
150967
152015
1580
158402
170392
2214
23285
23366
23417
23418
246329
254100
257152
25975
26
26051
26094
26297
27285
283079
283481
28902
28983
2939
2947
3047
3081
3112
3127
3512
3592
3620
3791
400590
401251
4069
440603
443
4653
4674
4935
51314
5244
5320
5334
5342
53630
54757
54873
54956
55056
55273
55552
55721
55888
56103
56113
56126
56169
5639
56521
56884
5741
57453
57717
5988
6039
6121
622
623
6279
6283
63899
63943
64150
64478
64693
64776
652995
653492
660
66035
6699
6700
7092
722
7294
735
7368
7850
78991
79170
79175
79571
79626
79669
79746
79831
79922
80199
8029
8233
8292
83416
83661
83744
84101
84182
84225
84329
84517
84659
8513
8821
8900
89866
90133
9086
92283
92340
92747
92973
932
93986
9535
9658
970
978
9934
100113375
100126825
100127888
100127949
100127974
100128071
100128075
100128077
100128377
100128430
100128537
100128863
100128930
100129042
100129115
100129174
100129319
100129552
100129742
100129744
100129781
100129831
100129846
100130051
100130086
100130152
100130259
100130313
100130547
100130713
100130729
100130757
100130876
100130983
100131017
100131617
100131792
100131890
100131983
100131990
100132009
100132673
100133162
100133280
100133746
100147833
100151680
100169834
100189000
100189015
100189333
100189524
100216479
100270755
100270825
100270882
100270885
100270917
100270939
100270971
100271080
100271127
100271138
100271146
100271151
100271196
100271215
100271313
100271391
100271397
100271486
100271567
100271616
100271656
100287177
100287813
100288227
100288254
100288405
100288584
100288719
100288814
100288870
100289219
100289341
100289585
100294720
100302130
100302158
100313835
100313881
100329135
100379300
100422781
10737
10834
119750
120776
121129
122011
125958
127069
127074
128372
128745
129881
133874
138652
144125
147276
147710
149703
150681
158781
171490
201288
201626
2082
219479
219982
222699
245930
246717
252949
253935
255725
256144
259234
26804
282770
28299
283104
283165
283189
283332
283745
284336
284485
285311
28563
285759
285908
286423
3136
319143
326332
338755
339318
339535
341277
341757
342096
344901
346007
360227
387849
388560
388719
388762
389151
390003
390064
390067
390079
390081
390197
390260
390265
390275
390437
390442
391019
391190
391518
391632
392390
392392
392509
399744
399851
400099
400581
400720
400735
400943
401039
401303
402317
408187
439943
440359
440362
440925
440956
441251
441394
441669
442179
442185
445582
4513
494551
54143
54964
55747
56108
56109
56624
574507
613206
642265
642443
642740
643036
643085
643394
643646
643803
643863
644020
644165
645452
645468
645506
645969
645998
647132
647135
652959
653149
653567
653657
653658
653702
678655
692093
692210
693138
693175
693212
727770
727832
728056
728377
728549
728773
728841
729862
730236
731308
7365
79150
79648
79940
80078
81109
81341
81469
8386
8585
90316
90957
93654
94033
9426
100033430
100033815
100101126
100113397
100128170
100128510
100128639
100128787
100129009
100129483
100129573
100130455
100130572
100130794
100130924
100131188
100131846
100131946
100132037
100132202
100132376
100132842
100133031
100134869
100188994
100189446
100192378
100270827
100270828
100270870
100270881
100270965
100271090
100271186
100271231
100271236
100271338
100271347
100271374
100271513
100287087
100287664
100287765
100287822
100288035
100289290
100289605
100379291
100379663
100421058
100422343
100506627
100507229
121227
124149
127064
130700
147694
148103
154091
163259
170541
1744
266785
283567
284593
284861
285484
326272
337977
338470
344405
387934
388242
391672
402117
402481
54332
553121
55844
5922
619463
619556
619564
642623
643976
644893
646330
646949
677803
7152
729944
730051
731220
81153
8440
84559
89837
90233
92797
100033807
100101118
100126784
100127951
100128139
100128184
100128185
100128236
100128253
100128594
100128946
100129033
100129048
100129094
100129129
100129396
100129515
100129767
100129878
100130916
100131150
100131298
100131496
100131763
100131814
100132800
100133790
100288069
100288728
100288805
100302737
100316868
100506947
10256
10595
11055
1109
11197
114044
115560
115650
119369
122665
126235
126536
126668
127540
127841
130271
130813
139135
139378
139425
140625
140686
140732
140846
140870
143162
144360
144453
144742
146378
146513
147004
147646
147699
150147
150159
150280
151300
1553
158263
158399
161829
163115
165100
166752
170690
1720
192666
200010
201501
202051
219347
219537
220115
221409
221527
222696
245934
246122
253039
253573
26077
26082
26526
26531
26582
2674
27159
27198
283140
283387
283475
283516
283674
283953
28424
284669
285014
285191
285281
285346
285463
285944
286135
286151
286204
286238
286382
2974
29958
3053
317719
319089
326292
3373
338324
338567
339778
340094
340578
340811
340980
343068
3493
3503
3567
3792
388558
388960
389124
389177
389766
390595
391081
392781
400655
401024
401037
401288
401312
401427
402160
402415
4110
414059
415056
440200
441891
441897
441925
442867
5032
5146
5199
5406
54457
54759
54777
55025
552852
55412
554226
55582
55891
56063
56130
56244
56971
57332
57399
594857
5990
60401
63898
63967
64090
64232
642340
643201
643503
643563
643677
643719
644083
644135
644265
644397
644809
646074
646626
647060
64735
64852
652119
653140
653220
6702
7179
7201
727736
728116
729008
729059
729121
729164
729324
729635
729911
730139
730184
730961
731223
7621
8000
80099
80174
80309
80724
81168
8352
8361
83657
84073
84218
84560
84734
8587
8852
90529
91380
91442
93233
93463
94025
100033426
100127206
100128054
100128081
100128108
100128372
100129195
100129284
100129397
100129401
100129611
100129936
100130581
100130607
100130761
100130934
100131508
100131744
100131785
100132731
100133205
100133206
100133445
100189036
100189251
100270900
100271011
100271352
100271491
100272217
100287178
100287216
100287375
100288320
100288730
100289045
100289361
100289373
100302239
100431177
100462985
100499194
100506032
100506736
100507608
100526694
10351
10888
113451
120114
120793
121601
127602
132200
138255
138948
145783
147791
148645
151534
157931
158696
196415
199777
199882
200420
219437
219959
221718
254013
255082
259289
26609
26680
283728
285708
285754
285987
286059
30816
319085
326320
338427
338949
339965
340085
340419
341019
341604
345051
347686
347736
347918
348808
349114
377630
388182
389015
389033
389517
390038
391195
439938
440068
440689
503618
541611
54429
60412
619343
642313
643827
644059
644090
644660
645177
645360
645431
646050
646329
646405
646424
646588
646875
653550
692111
728323
728350
728433
728519
728603
728806
728957
729079
729250
729461
729708
729909
79659
83539
85001
86614
8820
100126343
100128006
100128098
100128361
100128398
100128465
100129250
100129726
100129845
100129996
100130121
100130920
100131015
100131096
100131176
100131180
100131211
100131434
100131497
100131816
100131860
100132288
100133211
100133941
100147835
100270911
100271039
100271323
100271836
100287547
100289274
1003
100302291
100313858
100313901
100337590
101
10207
10392
10677
10752
10866
11001
11027
11035
11042
112609
1128
113691
114569
114817
115677
116071
116328
116844
117248
117283
117532
118491
121506
121512
126868
127700
128467
128646
129790
130916
131450
132241
133308
135924
136288
137835
140032
140831
1441
146177
146183
147687
148523
151295
152404
152573
152926
153562
153684
154
157574
1581
160140
160851
161247
162963
163087
163742
163747
174
1824
1950
196264
196792
200197
200298
200316
202459
2124
219970
220963
220972
221180
222234
2242
22900
23223
23514
246119
252983
2533
254050
254827
254887
256435
2568
256815
25893
259232
2622
26228
26253
2634
266747
26775
26974
2712
280665
282890
2829
283461
283726
2841
284161
284266
284309
284340
284759
285533
286530
28965
28990
29909
3003
3009
3034
3045
317684
317754
337876
337960
338339
338651
338694
339541
339559
340206
340273
342035
3429
342909
343171
345193
348249
350
3514
353299
3587
3600
3671
374973
375287
3822
387837
388701
389289
389434
389524
390998
391059
391110
399821
399844
400058
400242
400360
401258
401959
414062
414135
419
4316
4354
440132
440354
440465
4482
4542
4818
50617
50853
53832
54106
5450
54682
5470
54847
54970
55016
55083
55259
55282
55345
55380
55410
55504
55512
55659
55762
55784
55911
56124
56260
5743
57474
57577
57594
60675
6192
6280
6328
6332
6352
6373
63897
64127
641649
643072
643160
644058
645224
64799
651644
65250
654463
6565
6674
6737
6871
7096
7123
7133
7189
727849
728431
728492
729178
729296
729420
729816
7305
7450
7556
7576
760
7691
7773
79037
79056
79057
79613
79646
79668
79755
79799
79807
79809
79846
79973
79989
79993
80169
80183
80323
80343
81576
81578
8302
8335
838
84072
84125
84134
84223
84253
84307
84519
84674
84775
84852
84941
8547
85477
8631
8792
91734
91893
92421
92609
939
9840
9881
9906
100128262
100128310
100128644
100128653
100130275
100130507
100130987
100131541
100131756
100133091
100133991
100294362
100379661
10103
10321
10350
10744
10748
11095
112817
114770
115019
115948
116123
116444
118490
120406
124739
124817
1262
126259
126541
127707
127733
127845
128218
128861
130075
130560
130574
131034
131669
132204
132851
134548
135250
137196
139081
139285
139422
139629
140258
140458
140801
142685
143503
145376
146562
147409
147920
148137
149018
149428
149469
149483
149620
150084
150197
150248
150696
151306
151649
152065
152110
157739
157983
158067
158131
158787
158801
158809
158960
160777
1634
1671
170575
170589
1834
195977
196872
199964
201181
203076
203111
203447
206412
2162
219869
219875
219983
220004
220388
221078
221393
222537
222611
2255
23209
23274
23316
246176
246744
254879
255101
255189
255626
257203
257357
25890
25891
259287
259290
25973
26154
26219
26226
26476
26689
270
27319
280664
283011
283160
283284
283385
283755
284076
284346
2844
284525
284756
284808
284827
28560
285973
286006
286122
286343
29044
2952
2984
29903
3142
317716
3214
337882
337968
338322
339789
339834
340267
340542
341676
346157
347404
348645
35
353132
373861
3739
374308
374739
375513
3773
378925
387601
387638
387748
387790
388007
388284
388407
388512
388730
389643
390066
390144
390157
391112
391267
392138
394261
399900
400511
400576
400629
400653
400710
400745
400941
401166
401172
401612
401665
4018
4057
440107
440757
441046
441233
442245
4543
4892
494197
50802
51209
51686
5241
5346
54097
541473
54474
54810
54830
54836
55007
550631
55211
55350
55359
55600
55853
55901
56127
56129
56475
5652
56964
57451
6359
63926
63946
641384
641654
642280
64283
643008
643236
644943
644975
644997
645524
646450
646600
646870
64699
64843
650669
653483
664701
6785
728464
729440
730102
731157
7539
761
7704
7732
7789
7857
78998
79148
79446
79632
79740
79853
79854
79904
79970
79983
80035
80319
80731
81392
81617
81698
81786
81871
8190
83417
83729
83873
83875
83992
84075
84127
84215
84467
84676
84688
84690
84694
84719
84752
84843
84931
85371
85459
8578
8701
8787
89778
89872
90161
90288
9073
90865
91370
9175
9196
9256
92565
92745
9365
93650
94137
9459
953
9597
9834
9992
100033453
100048912
100049716
100128059
100128298
100129434
100129534
100130428
100130691
100130744
100133985
1015
10325
10345
10551
10740
11117
11227
114781
114984
115330
116441
117145
117285
118432
119016
119749
120227
121599
1235
125997
126298
129446
129450
129530
131873
133022
135946
138804
140691
1438
144406
146540
147686
1493
150000
150350
151171
151393
152118
152519
153733
157860
158830
1618
162239
163071
163227
163720
166378
1673
168433
170949
170958
171392
199834
200035
201158
202333
2053
206426
219293
219670
219855
221264
221914
2298
23005
2324
23339
245910
246312
253017
253175
254228
255027
257068
25786
25850
259240
259286
26149
26191
26648
267004
267012
26773
2690
27255
279
282618
282996
283092
283197
283345
283383
283491
283651
283767
284029
284370
284648
285033
285154
285189
285193
285315
285422
285548
285556
285600
285671
285834
285955
285966
286083
286205
286254
286365
286554
29062
29124
29126
2953
2995
3101
3109
3118
318
3226
327657
3364
337966
338620
338817
338821
339766
340156
343069
343578
3437
353345
3579
3664
3672
3738
378820
3866
387990
388564
388566
388567
388695
388743
389114
389123
389125
389376
389834
389906
390063
3936
400120
400579
400654
401260
401550
401884
401983
4072
4148
4160
4224
431704
4319
439944
441520
441521
441531
441871
442184
4499
494118
4983
51054
51132
51166
51326
5343
54518
54622
54627
54739
55024
55048
55129
55176
55335
55711
55889
56098
56121
56128
56131
5616
57093
57097
57412
57471
57573
57864
58473
58475
5896
619434
6296
6351
6358
639
6406
641522
6419
643616
643783
64407
644538
644694
645261
645339
64648
65251
653643
653857
654341
654348
65985
677811
6843
7011
727699
729582
729595
729857
7367
7503
7516
7544
79133
79501
79591
79640
79674
79689
79762
79817
79823
79839
79891
80709
80742
80864
80896
81442
81577
81850
8356
8357
8362
8363
83899
83943
8399
84054
84173
84288
8436
84466
84569
84837
84872
8501
85280
85293
85389
8630
866
8707
8800
8843
89846
90589
91120
91695
91894
92949
93653
9392
9615
9619
9681
9938
9966
10081
114625
114960
115352
130535
130540
131096
131368
145957
148823
160419
161176
163479
1787
196410
200424
221468
23552
26049
283970
284323
284391
337970
337985
338323
338376
340205
342666
343169
3443
387836
390162
391191
401027
50511
51198
5149
51816
54807
574016
63934
64092
642976
64577
64927
690
7310
7508
79368
79898
80021
8291
84103
84651
84824
8995
100128292
100130771
10053
10647
10686
10895
1116
115761
120224
120379
1233
123775
124961
126006
126375
126823
128153
129852
129880
130576
130752
131831
132203
133396
133923
138240
1408
1439
145942
147166
150590
153768
154197
154313
154664
155465
157570
158798
159686
159989
160857
161003
167359
170063
1731
1959
196951
200504
200728
220136
221424
245972
252969
254956
257169
257177
25791
25854
25870
260293
26160
2681
27152
27233
27304
283316
283848
284023
285368
285456
286016
28755
3055
3067
3240
341947
344887
347744
3560
3569
374467
375189
375519
390327
404220
4064
4117
414927
415117
43849
440307
440712
4867
494188
51057
51302
5304
542767
54554
54567
54845
55086
55633
55803
55805
56477
5680
56833
56912
57460
57605
57758
6348
6355
644890
646903
6575
6584
7079
7166
728819
7568
767
7712
79149
79324
79861
79884
80129
80133
80231
81691
8358
83844
84542
84677
84698
84791
84996
85438
8576
90025
91010
91369
92104
92270
93190
93492
9420
9630
9846
100129118
100130322
129293
140683
146547
147323
151648
153201
158833
1811
200232
202
219477
219938
245927
245928
245932
246734
25885
2620
26246
26343
284083
284114
284788
3375
337879
344752
376693
392459
4886
5132
54993
55363
55520
5681
6013
64132
65243
6561
7439
7577
80222
80341
81309
81789
8329
84076
8926
9075
971
100131275
128488
138009
138649
145748
148418
153918
158800
169166
196477
201633
259283
283238
284521
284618
338557
339476
349633
399670
4159
439941
440313
474171
4922
51058
55801
56676
606293
642696
6703
8987
121504
132321
137209
219428
219958
23066
28234
285267
3123
3440
386680
399948
400713
563
57547
6913
83786
145858
154043
158038
22901
284306
414236
51301
57623
647008
83900
84436
100131581
142686
145757
149373
151112
1556
1591
200959
201516
219469
245939
284390
339327
386618
388666
408263
440184
54828
7399
81571
84680
8814
343406
51738
8331
388697
400165
6846
79800
100033811
1088
112744
122876
139760
1419
144535
145482
146512
147837
151477
153770
157657
169270
200159
200879
219453
23626
2509
26737
283847
340441
342125
388536
54033
55112
55277
55415
554236
55786
57639
6019
729830
7579
7809
79782
79877
80095
200931
220992
290
441795
7033
7754
10100
125893
158158
167838
220074
2650
284067
338872
340351
347051
347240
347732
353355
51384
5205
54903
7903
79979
83935
8876
89782
925
54868
196446
346547
138803
303
127003
139420
197322
222584
26496
27197
27199
317761
399694
5172
54659
554201
55670
574537
6290
747
79705
81025
8345
8347
8710
9023
200058
146059
55530
100131227
115749
131920
143502
196541
221823
246182
338811
389898
503835
57116
7428
100129476
129685
170712
401388
5369
114026
254773
503582
84769
399819
646486
85451
8342
401357
57521
124751
254528
83956
128025
4303
157247
100506042
127068
129868
203611
245908
280658
342900
386685
387707
391001
441054
441457
504180
642636
653583
653656
729475
9708
100037280
100130175
142937
147664
157503
283887
283981
284939
286161
388948
400960
414325
619505
644714
645249
727701
728327
728695
729759
100124700
100127891
100128002
100128093
100128126
100128511
100128893
100128909
100129029
100129058
100129098
100129104
100129110
100129268
100129662
100130458
100130548
100130654
100130776
100130950
100131354
100131551
100131733
100131795
100132077
100132078
100132207
100132618
100133036
100133039
100216546
100233156
100288152
100288432
100288721
100289610
100309464
100359394
114112
117144
117852
144571
145438
145694
149069
149684
150051
151877
152225
152578
154754
157273
170371
199899
219595
221946
22833
253962
254099
255167
26138
280660
282566
282617
282997
283028
283278
283454
283486
283587
283624
283731
283856
283902
284072
284630
284798
284835
284889
285401
285441
285500
285577
285638
285796
285835
285905
285957
286126
3117
338588
339442
339788
339874
340017
340090
340286
340618
348035
348120
360205
387723
387745
388456
389043
389641
389722
390933
391012
399829
399884
400043
400568
400617
400622
400643
400660
400752
400926
401022
401098
401237
401442
401577
401588
404266
4360
440117
440149
440193
440299
440584
440823
440894
440982
441058
441366
441617
448831
493812
503693
55389
554207
554279
56111
574538
59347
613126
641365
642980
643650
643714
644192
644246
644656
644852
645158
645355
645638
645644
645676
645744
645784
6458
645974
646014
646576
650794
653602
653786
727944
728460
728716
728730
728939
729291
729723
729970
7643
768096
791114
7955
84214
84766
84786
84815
90632
90784
91548
100126780
100128727
100129069
100129703
100130353
100130476
100130964
100131031
100131480
100132244
100132661
138724
140596
144481
151878
152274
153218
154790
164045
200609
221814
245911
26105
26106
26495
283116
284240
285178
285266
28904
3078
339210
359787
390538
400084
400578
400793
402779
441355
441733
441956
493901
503538
54076
553103
55448
55808
57061
619426
644994
645030
6459
646498
646865
646871
653155
653361
653486
6964
727930
728061
728142
728544
728558
729528
731656
79100
79741
79908
80039
81099
84777
85446
90271
90655
100131727
147341
157693
54575
642538
645202
728218
729686
84673
9302
100128843
100292680
152586
503841
100113374
100128046
100128420
100129034
100129917
100130373
100130894
100131316
100133131
100270790
100271145
100271319
100287205
100287327
100287410
100313852
100313893
100423061
100506742
140696
140828
151009
152024
169834
23668
283025
284454
286002
286042
317703
359767
388882
388906
392282
400692
401431
402057
406923
407032
440575
440918
441178
442175
541472
643496
644625
646696
652170
693186
6967
727686
727916
728851
729570
81870
83656
83957
100049614
100128327
100216507
100216544
114224
121006
1234
146795
149281
157855
158228
158314
219688
221438
256021
266740
26683
26826
283143
284276
284373
284385
285000
285103
285173
285181
285286
285300
285778
285819
285949
286071
286121
286178
286297
286467
286756
3126
339593
339760
340239
340414
341392
346887
3546
388439
389023
391343
399761
400541
402269
439933
441317
54064
646164
653641
65944
780851
84973
90342
91219
91948
92659
100128588
100130889
100132858
10517
26782
282980
285941
349160
386757
389072
58496
642891
642924
644021
721
727710
83901
9278
100128242
100128737
100131481
100131902
100132169
100132798
100286964
100287132
100287697
100287704
100288656
100290928
100293390
100293563
100293580
121838
127255
157708
219525
283518
283796
283922
284408
285830
344875
389328
391151
439935
440993
441005
441453
503636
642826
643224
644623
653789
729776
729887
93668
100270832
100289220
200772
256374
285758
391121
391124
440335
646548
649294
729458
729779
730091
284926
338870
390226
401230
442197
644297
644435
645971
100128993
100129447
100129894
100130825
100131043
100131540
100131662
100132074
100132273
100144604
100192386
100270680
100287814
100288798
100499171
10936
132430
143286
151658
153910
162699
201651
26172
266811
284080
285043
285175
285224
285588
285593
285857
3120
338963
340581
348327
392335
400456
400756
401081
401220
401282
401324
440078
440348
440556
441528
441666
497634
503569
595099
644739
647476
65072
723809
727820
728190
729799
731789
100131479
100287478
100288801
401993
646597
647215
730112
100287284
100505870
128366
221272
283688
339260
401136
100288287
440561
642778
100132815
100133315
253842
387895
91869
283868
285205
285740
400794
641467
81787
100131699
100144595
100506658
642446
100132708
100132967
144638
148145
148824
150384
150527
153514
153577
154092
26165
283194
283404
283435
284214
284576
284600
284688
284998
285736
285986
286411
30847
338739
339685
339862
339929
348162
348751
374890
3812
386758
387097
390937
391747
441009
54082
727956
79860
8123
81399
84849
85003
85297
100129722
28793
401067
84789
474358
100128590
100128593
100128637
100129890
100130078
100130278
100132197
100132948
100189589
125115
151760
255031
26537
284561
285370
28562
286177
389857
400680
401285
401387
401497
407054
440061
440864
4498
5278
619455
652963
654231
654412
6983
728114
728192
85375
8591
100128252
100128385
100129461
100129973
100130700
100131094
100131366
100131561
100289058
100310840
10639
127406
128668
145837
149992
158434
162605
170543
2210
246705
253018
283080
283547
28378
285423
28595
286009
29013
340107
344382
388588
389332
400548
400604
400627
401074
441052
441072
441161
441642
442334
497256
55387
55894
56677
641518
642620
643923
644540
654841
69
79136
81854
84796
84983
9034
100128554
100418724
116829
153469
222029
245935
283432
283761
283861
28822
29065
338862
387644
439990
541467
642691
643401
653394
100131084
151146
26823
283299
387554
401082
441811
6172
648315
728724
100288332
100506144
100506650
283768
286367
414245
642629
729171
100128496
100130938
100131117
100131262
151657
3502
440915
645739
780529
91353
100128529
100129453
100129498
100129938
100131395
100132495
100133145
100133469
100288105
100313926
132556
161342
252952
28346
387841
389602
389936
390660
401478
401508
554249
64006
645961
648570
728705
79313
100271423
503614
81127
28862
79308
9959
25812
260341
2856
503612
642612
653739
730138
100132167
647190
148545
100129620
28908
391137
100124534
24150
317751
4112
100129406
100130268
100131864
100287590
112597
255512
285352
28611
28994
352990
378825
645895
653166
653390
729652
91149
10341
100129198
100144603
10337
222159
100129852
100130856
286109
400593
644215
440602
643696
283482
286068
286967
339978
387036
401585
440346
646702
653598
677769
728073
100130256
391004
400573
644242
653687
503639
90499
100131980
128580
100128343
402175
645984
100130456
100130998
284804
729314
266671
100128180
100132625
729870
646324
100131897
100132741
340340
9384
440157
28914
7623
100128687
339751
654816
653073
731779
5113
474337
8596
260339
100128718
642952
54088
100507650
100287144
100287364
100505724
728318
642799
100302285
200025
84740
450095
401070
647859
474168
