100033414
100101933
100124402
100128219
100128775
100128875
100129027
100129075
100129418
100129595
100130170
100130307
100130500
100130600
100130624
100131124
100131338
100131693
100131788
100132368
100133190
100151669
100216355
100271058
100271148
100271191
100271211
100271594
100271871
100286938
100287357
100288675
100288690
100289060
100289545
100289574
100289579
100302146
100302150
100302273
100312808
100328982
100462799
100499177
10244
10456
10905
10935
11200
11325
125476
133609
145989
1477
148638
1531
153842
172
1871
199897
200810
2177
23186
23521
23679
2501
25873
266625
26713
26793
26798
26822
26830
283008
283398
283458
283553
28404
284058
28411
28417
284230
286495
28653
28661
28673
28784
28850
3129
338429
341457
341511
3530
387703
387820
388159
388237
388532
388885
389240
389422
390421
390561
390638
390834
390860
391656
391738
392387
3947
400208
400945
400987
401629
401859
401975
402069
402359
402694
414133
4149
439992
441228
441314
503641
50631
5090
51659
517
54024
5435
550644
552900
55379
56664
57108
574508
57542
5888
601
6148
641590
642631
643653
644189
644563
644589
644820
645203
645440
645443
645573
645834
645884
646119
646408
646670
647283
649137
65109
652826
654340
677842
692063
723788
727997
728228
728453
728533
728737
728774
728938
728962
729123
729218
729313
729732
729860
730069
730183
730187
730213
731275
731602
7339
7418
7769
85348
85390
87688
8819
898
90925
92755
9380
9391
94158
100033440
100128477
100128498
100128888
100129409
100129844
100130197
100130289
100130302
100130436
100130972
100131120
100132363
100132644
100132966
100133089
100133235
100133322
100147763
100192204
100270891
100271400
100288380
100288853
100290936
100302214
100302279
100302650
100310853
116809
118945
121498
150786
151475
1568
170526
1817
204010
221017
222658
26514
26838
286512
3327
347281
347707
3532
360158
360171
378819
387977
389842
390363
391777
392979
399783
399881
400743
401337
402360
414778
439965
440180
440311
441253
441511
442712
442744
445571
4553
474338
4912
503631
54022
54028
54044
5489
595097
6043
642550
645231
645292
645441
646347
646489
646517
646723
647012
647302
648283
653147
653645
727677
728407
728573
729012
729687
729769
729774
767582
84546
85388
90141
100033416
100033444
10011
100124538
100128348
100128574
100128731
100128836
100128961
100129361
100129424
100130172
100130219
100130633
100131263
100131713
100132306
100133042
100133661
100134371
10024
100271152
100272169
100287163
100287227
100287880
100288960
100462977
10055
10112
10130
1019
10212
10238
10302
1031
1033
10384
10403
10425
10432
10449
10450
10477
10528
10535
1058
10623
10635
10681
10682
10856
10890
10902
10907
10983
11004
11051
11065
1112
11137
11179
112479
113115
113130
11315
113157
113174
11331
115416
116841
117854
119559
121457
121642
122769
123803
124454
125144
126170
127253
128061
128387
129401
132
134218
134266
134429
135228
137
137392
140823
146956
150684
151195
1518
152100
1537
153830
154467
1615
16153
16189
164022
1650
170622
171023
1781
1798
191
197370
1994
2004
201161
201725
201973
2023
203427
204
2091
2146
2171
219402
219541
222068
2237
22836
22974
23028
23048
23062
231
23175
23176
23234
23312
23389
23404
23446
23480
23483
23530
23636
23642
24140
246754
246785
2519
2534
256586
25804
25813
25936
25941
26031
26136
26147
26276
26355
26772
26802
26813
26985
27032
2717
27347
27429
27440
283523
285636
285958
28969
28973
28978
28987
2908
29081
29082
29086
29089
29095
29107
29128
2961
2971
29843
29901
2992
29945
29960
3014
304
3065
30834
30968
317649
332
3323
339047
339970
340515
340888
3523
353322
3843
387101
387921
389705
389873
390251
390354
390612
391767
399804
399965
406991
4074
4124
4171
4172
4173
4174
4175
4216
4288
440577
440786
441057
441066
441951
442092
4521
4664
4704
4714
4729
4750
4774
4848
4860
4864
493913
51082
51126
51203
51248
51251
51253
51258
51260
51263
51324
51367
51371
51526
51538
51592
51602
51647
51649
51692
5358
53938
54049
541471
5425
5436
5437
54467
54539
54557
54822
54965
55038
55127
55165
55183
55215
55249
5527
553117
5532
5557
55651
5571
55726
55752
55795
55839
55856
5601
5641
56655
56852
5691
56925
56954
57103
5714
5725
57478
57486
57510
57552
57590
57714
57819
58527
5859
5889
5935
5936
594838
5984
5993
6119
6227
6241
6251
63915
63979
64116
641516
642395
642585
643368
644
644850
645001
645317
645586
645879
645978
645993
646030
646938
647155
6472
64754
64841
64859
64928
64951
64968
65005
650638
65084
65265
653365
653501
653513
654085
6574
6596
6626
6633
664
6772
677826
677835
6790
692057
692197
701
7029
708
7107
7188
7260
728179
7283
728344
728554
728568
728590
728641
728855
728931
729046
729198
729566
729680
7298
730256
7456
7468
7737
79022
79077
7919
7936
80060
8073
80829
81611
81620
83528
83591
83596
837
83787
83940
84056
84057
84064
84159
84259
84275
84300
84306
84365
84515
84516
84681
84722
84816
84833
84916
84930
84946
85440
85465
8604
8611
8665
8833
8874
8882
8894
8898
890
8942
90268
90410
90673
91283
9133
91404
91419
9184
92140
92181
9232
9263
9330
93622
93663
94039
9446
9452
9497
9551
9603
961
965
9659
9768
9787
9815
991
10000
100033603
100033809
100126572
100128494
100128525
100129717
100129888
100131023
100131174
100188945
100189217
100189323
100287562
100302171
100381178
10049
10061
10133
10137
10147
10150
10157
10194
10228
10253
10478
10486
10495
10512
10513
10605
10611
10618
10627
10657
10667
1073
10745
10771
10787
10802
10806
10914
10927
10955
10962
10979
10982
11011
11014
11057
11072
11079
11080
11163
11193
11215
112752
112846
112942
11311
113201
113246
11329
113510
116092
116224
117584
118429
118924
119032
120103
1203
123
123169
123606
125150
125228
1266
130074
1314
132299
134553
134957
135112
1363
136319
138199
138241
1387
1390
140739
143279
143384
143458
143684
143888
144402
144455
145173
145553
147007
147339
147991
148156
148189
148327
1488
148867
149041
1495
1499
149934
1503
150465
151011
151162
152137
152485
1525
153339
1540
154807
155435
157638
157769
157922
158293
158358
1612
161742
162394
162681
163081
168451
169200
170506
1739
1827
1848
1859
196528
1982
199692
200845
200933
201595
203523
2054
205564
206
2132
2135
214
2149
2195
220042
221061
221895
2235
224
2247
2273
22803
22850
22862
22876
22884
22887
22902
22906
22931
22936
22949
22990
23001
23013
23020
23022
23035
23041
23043
23047
23059
23065
23071
23078
2308
23081
23089
23095
23112
23131
23136
23141
23142
23196
23197
23199
23201
23229
23261
23271
23272
23291
23314
23318
23321
23333
23345
23348
23362
23387
23390
23395
23405
23456
23463
23484
23499
23516
23528
23568
23600
23635
23637
23657
23660
23670
23731
246175
2521
2531
253260
253782
253943
254170
2553
255520
255758
257397
25782
25800
25831
25836
25888
25911
25923
25932
25937
25942
25945
25948
25962
25976
25998
26035
26037
26053
26064
26065
26098
26121
2618
26258
26278
2653
26608
266812
2677
26960
27042
27067
27086
27125
27161
27241
27248
27252
27327
27336
2744
2770
2776
2782
283209
283431
283508
283578
283951
285148
285440
286451
29058
29072
291
2941
29893
29967
29970
3020
3021
30849
3097
31
3176
317686
3178
324
3309
339324
3398
339879
344593
345645
3482
351
3538
3572
359760
359821
360023
3622
3653
3655
3685
3688
3709
374650
375056
3775
378
3831
3836
3837
3845
387082
388722
389137
389901
390
3987
400506
401286
4026
403226
4082
4089
4090
4199
4212
4213
427
4286
4287
4291
4300
440275
441347
442211
4507
4602
4644
4646
4716
474170
4850
490
4927
493869
4952
501
5033
5048
50618
5066
5074
50807
50808
50810
5082
50854
5095
51
51095
51096
51098
51186
51194
51205
51230
51232
51306
51347
51360
51390
51429
51496
5151
51512
51528
51669
51742
5191
52
5203
5217
523
5236
5238
526
5289
5295
5303
5318
53340
5352
54014
54431
54443
5445
54462
54464
54478
54505
54520
54542
546
54675
54806
54832
54841
54874
54877
54904
54925
54940
54949
55015
55031
55033
55074
55075
55188
55193
55205
55284
5530
55300
55331
5534
55342
55449
55529
5558
55636
55646
5567
55677
55704
55705
55720
5573
55740
55754
55757
55829
55845
55920
55970
55973
56034
56204
5621
56255
5627
56907
5693
56950
57037
57045
57120
57136
57148
57157
57182
57403
57461
57494
57532
57534
57561
57568
57584
57589
57600
57606
57609
57614
57678
57679
57708
57798
5782
5783
5796
5813
5814
58528
586
5861
5862
5870
5877
5902
5903
5911
5925
5927
5933
594
5954
5955
5962
6009
60674
6091
6157
6168
6231
6310
63826
6383
6400
6414
64145
641737
64207
64412
644214
6443
644456
644745
6453
646104
646140
64746
64764
6477
64778
64801
64854
65056
6526
652990
653082
653108
653113
653464
653557
6541
6558
6566
657
659
6594
65977
65981
66036
6632
6638
6651
6652
6654
6655
6683
6713
6715
6733
677849
677882
6815
687
6874
6925
6935
7013
7026
7035
7073
7082
7091
7105
7109
7158
7190
7227
7270
7280
728290
728776
728875
729156
729739
7319
7322
7325
7328
7332
7337
7518
751816
7525
7532
754
7750
7753
7804
7813
79071
790955
79158
79572
79832
79901
7991
800
80055
801
80143
80179
80204
8028
80335
8065
80821
80824
80854
813
81566
81572
8165
81671
81846
81889
81893
8204
83604
83737
83856
83877
83879
83891
84105
84140
84154
84181
84193
84230
84263
84285
84316
84324
84328
84333
84334
84376
84437
84441
84513
84520
84527
84545
8455
84798
84817
84904
84976
8500
8502
85025
8507
85365
8543
8545
85453
85460
8573
8577
858
8648
8655
8672
8702
8706
8760
8777
8805
8835
8836
8853
8867
89970
90
90102
9016
9019
90317
90488
9063
90637
90701
90799
9117
9125
9134
91614
9202
9252
9270
92912
9303
9306
9315
9331
9334
93550
93627
9397
9411
9444
9448
9474
9475
950
9500
9517
9554
95681
9590
9611
9653
966
9683
9693
9697
9706
9710
9728
9732
9736
9747
9805
9818
9819
9821
9836
9859
9871
9913
9928
995
9958
998
100033425
100033428
100033438
100033439
100093630
100093631
10010
100126326
100127983
100128062
100129550
100130401
100131261
100131599
100132348
100132352
100132406
100132439
100132733
100133207
100188011
10026
100287119
100287333
100288963
100289230
10040
10042
10057
10087
10092
10096
10138
10140
10142
10144
10180
10193
10196
10198
10208
10210
10243
1027
10274
10282
10283
10314
10329
10336
10346
10363
10370
10404
10424
10426
10427
10447
10463
10464
10466
10472
10473
10475
10479
10484
10491
10521
10526
10541
10548
10550
10564
10565
10602
10617
10625
10638
10643
10659
10671
10724
10725
10735
10746
10765
10768
10772
10776
10782
10788
10838
10857
10910
10915
10920
10921
10928
10929
10933
10943
10947
10950
10971
11010
1102
11034
11059
11116
11120
11127
11160
11168
11183
11191
11198
11231
11244
112611
112840
113
1130
11342
11345
114659
114793
114799
114803
114876
114882
114908
114928
115106
115207
115294
115426
116064
116068
116254
116461
116496
116984
117178
118980
120
121053
121441
121536
122786
123228
123283
123811
124512
124637
125050
126295
126626
126731
127018
127933
128
128338
128866
129285
130355
130872
1315
131965
132720
132789
133383
133746
134145
1362
137886
1385
1386
1389
139231
1399
140609
142
142913
142940
1434
144108
144363
144438
145781
145853
146057
147929
1486
148789
149420
149832
150275
151188
151230
151613
151636
1519
152006
152518
152815
153129
153222
153241
153364
154743
155370
157313
157378
157680
158747
1604
162655
1654
1657
166929
166968
167227
171586
1730
1783
1789
1806
1808
1836
1875
1911
192670
1955
195827
195828
196
1964
196441
196527
1998
200894
203228
2033
2037
2058
2059
2060
2181
2182
2186
219333
219749
219854
219899
219988
220594
220729
221035
221037
221178
221294
222236
2265
22794
22800
22838
22841
22856
22858
22868
22872
22881
22882
22890
22894
22903
22908
22911
22920
22929
23012
23015
23019
23023
23032
23033
23036
23063
23064
23075
23076
23077
23080
23091
23097
23111
23116
23118
23122
23126
23137
23155
23158
23167
23168
23172
23173
23177
23191
23195
23198
23200
23215
23219
23230
23232
23240
23243
23244
23253
23258
23259
23270
23287
23299
23300
23301
23304
23306
23317
2332
23325
23347
23350
23353
23360
23369
23392
23411
23429
23433
23435
23451
23468
23469
23503
23505
23506
23512
23515
23518
23527
23596
23609
23683
23708
23760
24138
2530
253959
254251
255252
255967
256987
2581
25814
25832
25871
25901
25902
25912
25913
259230
25957
25983
26005
26009
26010
26036
26039
26043
26054
26057
26058
26060
26091
26092
26118
26120
26122
26127
26128
26130
26135
26156
26190
26234
2635
26511
2673
26747
26750
26770
26806
26959
26984
26994
27020
27072
27229
27236
27250
2729
27292
27332
27436
2790
2799
2800
2803
2820
283267
283357
283464
284018
284273
284288
284611
284802
284942
285147
285203
285237
285527
285550
286101
286144
286148
286410
286472
286827
288
28982
29066
29102
29110
2926
2956
2966
29761
29766
29902
29929
29940
29966
29969
29978
29980
29994
301
308
3091
3096
3156
3181
3189
3267
3275
329
3298
330
339745
340481
3428
3431
345778
3516
355
3597
359948
3652
3708
3716
3717
373
374354
374659
375743
376940
378708
378938
379025
3796
3799
3839
3842
387119
387263
387328
387882
388650
388795
389203
389844
390980
3920
3925
394
3983
3988
399898
399979
400
400322
401504
401548
401777
403340
403341
404636
404734
406
4076
4077
407975
4086
4087
4092
412
4121
4126
414777
4154
4170
4189
4205
4208
4214
4217
4238
4329
440
440026
440145
440224
440434
440675
4430
444
445815
4534
4548
4591
4601
4603
4659
4673
4686
4690
4715
472
4734
4735
4752
4775
4799
48
4800
4801
481
4820
4853
4863
488
4891
4905
4907
492311
493856
4976
49854
49855
50484
5062
50650
5073
50999
51000
51018
51020
51026
51028
51029
51060
5108
51091
5110
51105
51109
51111
51141
51143
51174
51185
51201
51249
51256
5128
51315
51320
51322
51362
51366
51375
51377
51379
51406
51426
51439
51454
51465
51474
5150
51527
51566
51575
51605
51611
51616
51626
51631
51634
51639
51646
51663
51701
51720
51747
51752
51762
51773
51776
5257
5277
5286
5290
5291
5311
5325
5356
5378
538
53918
54103
5412
54165
54386
54407
54453
54477
54482
54495
54497
545
54545
54556
54583
54602
54629
54665
54726
54737
54741
54764
54793
54800
54861
54872
54876
54878
54916
5494
5495
55000
550643
55109
55132
55171
55186
55196
55216
55227
55251
55274
55276
55279
55288
552891
5529
55297
553112
55322
55325
55327
55352
55364
55421
55432
55454
55500
55578
55585
55588
55601
55603
55605
55608
5562
55629
55634
55660
55664
55681
55689
55692
55719
55729
55745
55746
55749
55750
55761
55770
55814
55827
55830
5584
5586
55884
55904
55914
55922
5594
55958
5604
56252
56254
56261
56271
5634
56648
56650
56888
56890
56919
56947
56986
56990
56994
56995
57035
571
57102
5711
57142
57150
57181
57187
57189
57205
57234
5728
57415
574414
57448
57466
5747
57488
57496
57498
57515
57539
57544
57560
57620
57630
57665
57688
57695
57720
57724
57730
5781
58155
58487
58489
585
58505
58516
5884
5885
5908
59084
5910
5921
5926
59338
5934
59345
5937
594837
5965
5980
5981
5985
6038
60436
6048
60485
6049
60526
6093
619568
6197
6240
6249
6259
6301
6302
6304
6322
63939
6399
64062
64087
64089
64121
6416
6418
641977
64224
64225
6426
642819
643155
643162
6432
643253
64327
64328
643339
64343
643837
64393
64398
64400
644100
644172
64418
64421
64434
645079
6451
646243
646358
64645
646890
647000
647087
64710
64750
64766
64769
647979
648
64848
64863
64895
64924
64969
6500
6502
65059
65110
65125
653121
653188
653924
654322
6595
65983
65986
6599
66008
6612
6619
6670
6672
6717
6731
6732
6738
6744
677774
677817
677827
6782
6788
6789
6836
6867
6873
6885
692075
692090
692195
692198
692226
6934
6938
6945
6990
7014
7024
7046
7049
7050
7072
7095
7110
7155
7163
7175
7182
7220
7248
7267
728034
728636
728715
729082
729423
729533
7320
7357
7358
7402
7403
7405
7465
7485
7486
7514
7528
7533
7541
7543
7552
7570
7572
7574
7582
7586
7587
7594
7637
7639
7644
768211
7690
7695
7702
7705
7707
7716
7743
7764
7812
7840
7846
79027
79068
79070
79086
7913
79139
79443
79602
79627
79631
79664
79665
79699
79710
79718
79768
79780
79866
79882
79893
7994
79960
79982
80007
80012
80018
80025
80110
80146
80167
80205
80208
80209
80213
80232
80267
8030
80314
80315
80318
8036
8087
8100
81537
81539
81550
81565
81573
81688
817
81790
81831
81847
819
81929
81931
8202
8239
824
8295
8301
831
8317
8323
833
83479
836
83607
83693
83699
83752
83930
83939
83941
83989
84060
84061
84079
84084
84085
84108
8411
84131
84142
84146
84162
8417
84186
84188
84191
84196
84220
84240
84248
84280
84294
84312
8439
8445
84450
8450
8452
8454
84640
84668
84669
8467
8473
84803
84859
84869
84890
84897
84910
84912
84919
8493
84932
84959
85012
85028
8504
8518
85403
8546
8560
865
8674
8675
868
8690
8720
8723
8725
8732
8763
8767
8773
8776
8790
8799
8826
8837
8847
8850
8879
8880
8881
889
8899
8905
8910
8924
8925
8936
8975
8976
89894
901
9025
90411
9043
90459
905
90550
9057
90806
9097
9110
9126
9140
9169
91746
91754
91833
9208
9209
92344
9236
9240
92482
9258
92597
92667
92703
928
92906
9295
9298
9299
93134
93183
9337
9338
9341
9371
94101
94104
9412
94134
9422
94239
9425
9445
9453
9467
9481
9488
9519
9522
9527
9532
9570
9581
9583
9648
9652
9655
9656
9663
9665
9666
9690
9694
9698
9702
9724
9738
9749
9759
9765
9767
9774
9778
9786
9792
9793
9794
9798
9804
9813
9823
9831
9839
9847
9852
9857
987
9873
9874
9877
9882
9889
989
9908
9910
9917
9925
9926
9931
9939
9946
9950
996
9969
9975
9987
9988
9991
9994
100130890
100287932
10105
10356
10622
1161
140758
161406
168850
207032
220869
2547
257415
285753
29964
4701
4725
51479
51660
54821
55250
55871
6142
6159
643836
645513
64921
6726
728361
729973
7314
7315
7316
7335
81887
84296
84881
84987
8896
93323
9386
993
100033432
10006
100129478
100129492
10015
10020
10056
10084
10109
10116
10165
1017
102
10209
10213
10236
10237
10254
10260
10269
10289
10299
10301
10311
10330
10360
10390
10393
10399
10413
10430
10436
10438
10476
10480
10492
10534
10552
10559
10560
10572
10574
10575
10576
10598
10606
10613
10664
10678
10714
10726
10730
10732
1075
10785
10797
10808
10813
10845
10892
10899
10940
10952
10959
10972
10975
10980
11102
11104
11108
11130
11157
11161
11162
11171
11196
1121
11224
112495
112574
11258
11260
11261
112849
112950
112970
113251
11339
11340
113402
114034
1147
114915
114971
115201
116028
116150
116151
116540
116541
118472
118672
118987
1207
1211
1213
122553
122809
122830
123720
124808
127687
128637
128869
129787
130162
130340
131616
1317
1327
1329
133619
1355
138639
139596
1398
1407
140838
140901
1431
1432
144811
1452
145282
147184
147947
148423
1491
150468
151050
151246
1514
151903
152579
153396
153443
154791
158
158219
158427
159013
1603
160418
163126
1635
163859
164
1653
1655
1660
1662
1665
166815
1678
168374
169981
1716
1737
175
1802
1861
1876
192669
1933
1965
1968
1973
1977
1997
199857
200895
200916
201254
203197
203414
203547
205251
205327
2107
2108
2180
2189
22
221079
221302
221830
2222
2224
222643
223
2230
22796
22818
22826
22828
22875
22878
22880
22916
22919
22928
22934
22938
22944
22948
22950
22954
22978
23008
23039
23042
23082
23165
23185
23204
23262
23283
23335
23355
23376
23443
23450
23471
23517
23531
23534
23548
23556
23560
23585
23597
23603
23608
23673
23678
23786
23788
2395
24149
2483
255919
256471
25764
25852
25880
2589
25896
25898
25940
25950
25977
26097
2617
261726
262
26224
26271
26286
26354
26528
26578
26610
2665
26973
26995
26996
27068
27089
27095
27097
27166
27230
27235
27246
27309
27339
27340
27342
27348
2764
2773
283237
283742
285381
285521
285989
28960
28974
28977
29028
29099
29103
2935
2936
29777
29880
29957
29968
30001
3015
3028
3030
3032
3066
3070
3074
3093
3145
3151
317662
3182
3184
3187
3190
3276
3281
3301
3312
3313
3320
3329
3376
339175
340252
3417
3419
3420
3422
342892
343099
345757
348793
3588
3612
3638
3676
3682
3703
372
377677
38
382
3840
388574
3930
3939
3981
3998
400657
401505
402055
4048
4116
4141
414327
4144
4179
4190
4200
4257
4259
4338
440093
440423
440574
441051
442132
4552
4594
4609
466
4666
4691
4697
4707
4718
4733
4751
4836
4839
4841
4899
4925
4942
4946
4998
5007
5037
50485
50862
50865
51009
51010
51015
51031
51068
51097
51110
51119
51128
51136
51142
51144
51155
51163
51164
51175
51188
51218
51241
51283
51318
5134
51351
51386
51388
514
51430
51441
51449
51491
51493
51507
51514
51520
51567
51569
51582
516
51603
51635
51645
51651
51668
51678
51690
51691
51726
51728
51765
51805
5202
5204
521
5213
5229
5230
528
53354
5337
53407
5359
5366
539
5394
53981
54069
54093
5411
54205
5431
5432
5433
54432
54433
54442
54465
54468
54471
54499
54517
54619
54680
54700
54733
54765
54812
54819
54870
54885
54888
54906
54915
54930
54962
54969
54981
55003
55013
55032
55039
55041
55071
55088
55093
55094
5511
55122
55140
55142
55151
55153
55161
55179
55180
5519
55204
55206
55233
55234
55236
55239
55247
55253
55254
55270
55272
55280
552889
55293
55294
55299
55312
55319
55329
55333
5537
55388
55435
55471
55505
55508
5552
55556
55591
55617
55632
55644
55656
55667
55669
55671
55737
55744
55751
55759
55783
55789
55824
55852
55872
55892
55900
55916
55968
5597
56061
5611
56160
56270
56339
56616
5663
56647
56681
5682
56829
5687
5688
56886
56889
5690
56902
56906
56910
56913
5692
56929
56935
5694
5695
56985
57001
57002
57003
5701
57018
5702
5705
57099
5710
57117
57122
5713
5715
5717
5718
5719
57215
57223
57404
57472
57508
57511
57559
57563
57583
57645
57650
57691
57693
57696
57698
57703
5771
57727
5775
5810
5832
58477
58478
58486
58490
58492
58493
58497
58517
5873
5899
5929
5932
5983
60313
60481
60491
60528
60558
60559
60561
6100
6102
6132
6135
6143
6146
6152
6155
6156
6165
6175
6184
6185
6188
6191
6193
6202
6217
6223
6224
6228
6235
6303
6307
6342
637
6386
63877
6388
63931
6396
64110
64112
64149
64151
642
6421
6427
64318
6434
64376
64396
64397
64417
64422
64429
64430
6478
64795
648822
64946
64949
64960
65003
654364
65991
6611
662
6628
6629
663
6634
6636
6643
6646
6675
6727
6728
6745
6746
677775
6809
6832
6868
6888
6897
692227
6950
6996
7009
7019
7083
7150
7159
7184
724102
728613
7295
7296
730029
730094
7307
7311
7321
7326
7360
7389
7416
7419
746
7494
7507
7529
7559
7596
7617
7626
767811
7699
7741
7746
7770
7775
7873
7884
79003
79017
79019
79031
79048
7905
79084
79109
79447
79469
79596
79609
79622
79624
79693
79694
79697
79731
79752
7978
79796
79810
79876
79912
79918
79921
79956
80135
80155
80264
8027
80273
8031
80321
80324
80351
805
80775
80777
81034
81542
81556
8161
81856
81892
830
8315
8318
8334
83440
83448
83452
83460
83548
83666
83732
83852
83932
840
84002
8405
84233
84236
84246
84255
84260
84265
84267
84268
84274
8428
84343
8438
8451
84522
84641
84661
847
84749
84823
8487
84888
84896
84908
8491
84925
84928
84947
84950
84955
84981
84992
8505
85315
8539
8540
85406
8544
85457
85476
8548
8559
8562
8565
8615
8624
8668
8683
87178
8721
8724
873
8731
8754
8774
8834
8886
8890
8891
8892
8915
892
8939
899
9014
9015
902
90381
9039
90390
9044
90592
9069
9070
90826
90843
90861
9107
91272
9128
9129
91298
9141
91452
91582
9167
9188
9197
92092
92105
9255
9276
92935
93081
9317
9318
9319
9326
93380
9343
9360
93621
9373
9375
9403
9406
94081
9416
9440
9442
9443
9451
9470
9482
9491
9520
9521
9531
9533
9538
9550
9553
9555
9557
9559
9562
9585
9587
9631
9650
9669
9675
96764
9685
9688
9695
9700
9709
9730
9733
9741
9775
9790
9802
9816
9868
9870
9878
9898
9924
9936
9943
9948
9960
9967
9972
10007
10048
10111
10171
10181
1022
1024
1039
10465
10487
10558
10628
1063
10733
10775
10781
10793
10963
10973
11044
1105
11083
11112
11212
11218
112487
113263
114791
114825
114883
114926
118433
1195
119504
123016
126231
128240
130502
1337
134728
135114
140707
140890
143
147923
148266
149371
150737
151194
151525
159090
160760
1622
162966
162967
163
163486
163786
1647
1659
166785
170960
171546
178
1786
197131
1979
1992
201562
201627
2098
211
221477
22823
22863
23002
23014
23016
23049
23074
23099
23171
23279
23310
23332
23438
23557
23586
23588
23593
23774
2475
256356
257218
25853
25897
2591
25963
26003
26017
26019
26263
2633
26872
26953
26958
27075
27109
2746
280
2804
283459
284098
285362
29068
29127
29789
29887
29896
29915
3035
3099
3192
331
3326
3337
3459
3550
3609
3628
3660
3720
3735
374500
3832
3841
387338
3978
4140
4258
4289
4437
47
4726
498
4999
5018
5042
50640
51008
51016
51065
51094
51106
51131
51187
51193
51264
51277
51280
51303
51455
5147
51506
51531
51534
51585
51594
51654
51735
518
5188
5194
54470
54585
54704
54778
54842
54918
54934
54968
54977
5500
55030
55035
55082
55110
55125
55149
55207
55213
55219
55246
55252
55330
55339
55347
55353
55486
55614
55623
5564
55650
55672
55709
55717
55723
55727
55758
5577
55775
55818
55832
55854
55863
55905
55907
55915
56478
56898
56942
57050
57062
57132
57162
57179
5721
57226
57456
5757
57697
57721
57786
57820
57862
580
58488
5868
59286
59342
5994
60386
6041
60493
60684
6125
6164
6198
6230
63875
63905
6391
63917
642132
64282
6430
644063
645139
64682
64844
672
6729
6730
675
6767
6882
6936
7037
7071
7203
7251
7266
728932
7374
7458
7520
7562
7763
7779
7874
79000
79078
79595
79612
79682
79717
79828
79848
79968
80173
80184
80219
80227
80254
80298
80306
80745
81608
81631
8208
821
8227
8243
829
83608
83641
839
8409
841
84262
84282
84320
84458
8446
84811
84901
84967
84986
84991
85363
8575
8650
8678
8697
8737
8895
8992
90338
9053
91408
91612
91860
92002
9204
9238
92400
9320
93487
9354
93594
9528
9530
9534
9616
9643
9678
97
9735
9849
9860
988
9929
9949
9980
9989
10036
10063
10069
10175
10189
10199
10248
103
10328
10376
10412
10542
10549
10553
10651
1069
10694
10885
10946
10949
10969
10985
10987
11017
11154
11164
11235
11321
132001
1345
1371
146050
1478
153527
163049
1652
1738
1915
203068
2071
2130
223082
2287
23054
23190
23212
23382
2339
23421
23590
23607
23741
24137
25816
25843
25874
25904
25949
25978
26260
26521
26589
27238
27257
27258
27335
2787
280636
285282
28991
28998
29071
29083
29100
2967
29796
29899
29922
29979
3094
310
3185
348654
349198
3608
388789
389831
3980
4001
4085
4234
4292
4331
4515
4702
4709
4711
4831
5052
5096
51001
51030
51067
51170
51204
51247
51374
51389
51397
51399
51499
51503
51574
51606
51650
51714
51759
51808
5193
522
5223
5245
5280
5357
54107
54148
5422
5440
54460
54469
5464
54664
5483
54927
54931
54951
55010
5504
55145
55156
5516
55164
55255
55326
55696
5570
55788
55848
55972
5683
5685
56900
56915
56948
5707
5716
57646
58163
58472
5867
5887
5898
5901
60496
60592
6122
6128
6137
6189
6201
6203
6204
6341
641
64135
64172
64326
64756
6491
64965
65008
65062
6667
6668
669
6747
6856
689
6993
7259
7265
7334
7371
7443
7589
7627
7697
7738
7771
79020
79075
79134
79145
79441
79582
79607
79647
79672
79714
79959
8034
80746
8089
8099
81839
81873
81875
8293
83640
84062
84224
84284
84298
84311
84313
84455
8458
84693
84851
84924
8520
85236
85437
8649
8801
8804
89978
90321
90407
9045
90624
9111
9156
9166
91947
9217
93474
9352
9367
9377
9419
9493
9588
9604
9637
96459
9689
9833
9837
9919
10009
100131801
10059
10073
10097
10099
10102
10128
10206
10277
10342
10422
10443
10471
1054
10540
1062
10640
10668
10728
10762
10926
10978
11019
11062
11128
11177
11201
11216
11232
11335
113802
115752
1163
120526
124411
126382
129831
131076
131118
131474
132320
132949
133015
133686
134359
1349
135293
1376
145389
145508
148213
160897
162993
163590
165055
166379
1666
196513
1974
2073
2187
220988
221143
221710
222161
22832
22976
23160
23269
23412
23507
23658
246184
253461
254128
255488
25801
25917
259266
25934
25996
26046
26273
2631
2632
2643
26520
27069
2713
27291
2739
2805
283377
284695
284996
285343
286052
28976
29074
29087
29092
29101
29105
29116
2957
30836
3149
3308
3336
338657
339290
348235
348995
3658
374969
378805
387066
387680
388796
3895
389765
3945
399753
400569
401466
405
4361
440288
4698
4700
4712
4724
4736
4780
494115
5019
5036
506
509
51071
51075
51081
51118
51122
51130
51167
51234
51250
51304
51321
51335
51372
51373
51495
51501
51530
51535
51642
5165
51719
51727
51809
5283
54149
5423
5427
5438
54454
54529
54543
5471
54780
54799
54851
54882
54914
54919
54939
54980
55023
55027
55037
55052
55062
55100
55119
55131
55144
55167
55170
55198
55217
5525
55266
55536
55609
55622
55635
55661
55760
55763
55769
55833
55847
55857
56267
5689
56916
56952
56980
56983
56987
5700
57019
5706
57082
57107
57128
5723
57325
57380
57396
57470
57570
57599
57700
57711
57826
5879
5917
6016
6047
60487
60492
60560
6117
6118
6129
6130
6133
6147
6166
6167
6170
6171
6173
6187
6207
6222
6229
6232
6311
63892
63933
64083
64147
641638
643965
64747
64963
64979
65244
6635
6741
6827
6902
727758
728769
729013
7323
7327
7353
7385
7569
7581
7795
7844
79074
79573
79657
79692
79728
79745
7979
79833
79871
79886
79892
79980
80196
81579
81689
8364
84172
84247
84287
84295
84650
84708
84792
84918
84938
84945
8533
8802
8864
8883
9054
90693
90736
90871
91137
91433
91574
91875
91942
92255
9321
9349
93973
9439
9525
9582
9617
9668
9841
9867
10001
10166
10313
10455
10490
10557
10621
10670
10957
11124
1122
11222
11275
1164
124995
137682
148203
167153
1763
1854
1937
219771
2305
23582
25820
25847
2585
26123
26175
26225
26269
27102
27243
27244
2730
2733
27338
2806
285855
28957
29090
29093
2958
3052
3150
3251
339500
34
353376
440944
4528
4677
4809
4904
5000
51053
51108
51125
51134
51138
51184
51227
51278
51562
5162
51768
54826
54880
549
54928
5501
55212
5612
5613
5704
5708
57092
57149
57405
57621
5931
6194
6209
6210
64785
64853
64981
653519
6845
6883
6903
6917
6944
757
7682
7733
7818
79023
79029
79663
79684
79733
80185
80818
81533
83443
83461
83540
83594
84318
84844
8607
8727
8803
88745
8887
89122
90196
91057
91151
9131
9212
92342
94056
9410
9712
9748
9789
9791
9937
100128936
100129405
100130279
100130485
100130873
100131469
100132053
100132979
100133160
100189208
100270941
100271094
100271618
100288371
100288449
100288637
1457
26790
27000
339804
441124
441194
441884
441899
5279
54439
6176
63920
642423
642947
643668
644019
644619
645646
646201
653354
653375
653380
653553
728013
84321
84342
100033424
100033436
100033445
100033805
100125392
100128745
100128795
100129387
100129956
100130233
100130360
100130391
100130907
100131736
100131993
100132430
100132884
100132999
100147757
100169881
100189043
100240707
100270886
100271574
100288939
100292959
100302155
100329108
100379584
10038
100422200
100462880
10051
10054
10094
10114
10135
10146
10153
10179
10187
10190
10197
10200
10229
10240
10250
10276
10284
10285
10286
10294
10296
10308
103910
10419
10431
10434
10440
10483
10527
10539
10556
10569
10592
1060
10600
10658
10672
1070
10713
10767
10773
10884
10923
10934
10944
10951
10988
1104
11049
11052
11056
11073
11091
11097
11103
11146
11234
11236
11266
11269
11319
114932
115209
115353
117177
1182
120528
123036
124801
129531
134430
134492
1353
140848
143884
144577
1456
146198
150274
151579
152217
152559
153346
159
1595
1633
1719
1736
1810
196294
1967
1975
1983
199704
200576
2029
2079
219844
221154
221322
221443
221547
222484
22889
2289
22930
23011
23029
23107
23211
23256
23358
23379
23394
23398
23473
23478
23594
23595
24145
246243
2551
255812
25821
25842
25845
25909
25926
259282
25929
25939
25972
26061
26586
26751
26765
27101
27107
27131
27249
27316
2747
280661
282809
283106
283489
284702
28473
284952
28512
285172
285268
285331
285359
285672
28962
28972
29078
29079
29080
29088
29097
29115
29117
2923
2959
2963
2965
29883
29889
29982
3146
3148
3183
3188
326321
328
339448
3396
339799
3416
347363
3475
3476
3551
3646
374986
3838
387090
387103
387893
388272
388969
39
391256
3964
400650
401152
401233
401602
403299
403313
4176
4236
4247
440983
442083
442153
442240
442253
4436
4522
4663
4670
4678
4683
4710
4719
4722
4869
4893
4928
494323
4953
5001
503645
50628
50809
5093
51002
51012
51014
51021
51056
51074
51076
51100
5111
51121
51123
51154
51182
51192
51202
51275
51290
51292
51319
51340
51382
51434
51444
51463
515
51524
51552
51573
51633
51637
51699
51715
51729
51755
5201
5250
5281
53371
5387
5393
54100
541578
54534
54536
54663
5469
54708
54801
54802
5481
54899
54908
54948
54953
54984
55005
55006
55012
55055
55069
5510
55120
55148
5515
55159
55172
55174
55178
55197
5520
55278
55308
55334
55341
55355
55425
5550
55573
55596
55602
55668
55699
55706
55718
55728
5576
55773
55781
55787
55791
55813
55831
55837
55858
55860
55862
5591
55975
56242
5631
5636
5684
56851
5686
56943
56951
56984
56993
57095
57147
57541
5756
5805
5824
5825
5828
5876
5906
5928
59349
5982
6018
60488
6059
60682
6120
6138
619563
6233
6248
6390
63916
6392
64216
642311
642513
642515
6428
642869
6429
643535
643752
643790
64395
644101
64426
64431
645136
645233
645460
646208
646698
646853
647013
64770
64783
64897
65080
65117
653071
653226
653238
653252
653566
653659
654319
6605
6606
6607
6613
6617
6627
6631
6637
6742
6749
6760
6814
6877
6879
6880
6905
692087
692088
6921
692209
6924
7027
7112
7174
7247
727914
728992
7290
729020
729163
729288
729400
729496
729630
729852
729926
729948
730394
731282
7324
7336
7341
7347
7372
7386
7388
7398
740
7411
7417
7430
7469
7531
7534
7553
7555
7571
768097
7696
7748
7752
7756
7803
79009
79053
79072
79101
79161
79183
79269
79568
79577
7965
79666
79677
79691
79736
7982
79868
79902
7993
80010
80218
80308
80311
80349
8050
80895
8125
81545
81555
81610
81614
81853
81930
83530
84078
84081
84128
84135
84138
84250
84317
84340
8453
84549
8480
84832
84864
84933
85015
8550
86
8634
8661
8664
8667
8669
8726
8761
8766
8780
8813
8846
8872
8893
891
8930
89761
900
90417
90580
9061
908
9100
9101
9135
9147
91603
91750
91801
9205
9218
9221
92856
9325
9329
9364
9477
9512
9529
9541
9556
9584
9589
9646
9657
9716
9782
9801
983
9861
9879
990
9933
9978
652191
100127906
100132488
100133177
100147816
100287335
100287512
100289643
28970
344320
440292
442164
53410
55230
56117
677813
728131
729530
730100
731716
100302237
10241
10460
10520
10717
11169
11267
134510
139322
144245
1829
196394
201283
2188
22995
23161
23178
23536
2491
253558
25914
26255
26519
26574
27346
27430
286053
2960
29919
306
3161
36
375444
4253
4738
4957
5058
51099
51115
51427
51447
51652
51696
51780
5198
5478
54808
54811
54892
54994
55017
55103
55133
55166
55226
55269
55703
5635
56674
56946
56992
57129
57337
57343
5827
583
64065
64105
644504
645212
646214
6642
6648
694
7178
7181
7566
78996
79583
79801
79872
80006
80817
80853
8228
83860
83990
84129
84272
84314
84942
8531
85444
8554
88455
8914
89890
9055
96610
9851
100133299
115509
139886
2197
22834
23224
26517
266655
292
375484
4299
493911
51022
51133
54816
55285
55776
55917
5930
644068
64432
705
729540
7415
84058
9456
100033422
10016
100188893
10124
10159
10224
10402
10428
10614
10795
10827
10849
11276
114294
114885
116143
116832
1176
119392
119710
122525
124491
130507
131544
1350
137492
139341
146909
147727
148534
1528
1629
163882
196074
201965
2110
219790
220213
221960
222166
22835
22849
22926
23
23169
23592
253725
254225
256643
25826
25875
25886
25994
26512
27018
2745
2752
283635
285074
286826
28966
28985
29098
2969
3295
342371
3615
3833
388677
390916
391356
400061
4012
401397
4201
4277
4671
468
4720
483
4830
4898
49856
5092
51088
51103
51124
51244
51309
51542
5160
51601
51643
5264
53343
54065
54521
54537
548645
54881
54955
55014
55102
55105
55256
55320
5538
55437
55599
55610
55631
55686
55732
55768
55780
55802
55835
55869
55967
56259
56474
567
56922
57038
57531
5822
58533
5860
5894
595101
60625
6124
6136
6139
6144
6160
6161
63908
64219
64222
6446
646644
64786
65258
653450
677778
6894
6941
7117
728153
7342
7381
7580
79081
79590
79634
79670
79675
79738
79811
79915
79963
80011
80013
8195
84319
8459
8481
84914
84920
85313
8602
8772
8815
8934
8935
90333
91664
91687
92399
93974
94107
9897
9984
10939
136647
1479
148206
222194
22852
23461
26515
26986
387
4191
475
50814
51104
51433
51504
5163
554203
55571
55589
55748
64864
64983
7871
79723
79770
80856
84899
9
9262
9918
10352
11064
1111
112858
114327
116843
117143
1318
1340
137695
1892
1939
201931
204851
219927
221120
22824
25915
25979
26292
3704
388962
404672
440672
5189
54059
54494
54942
55081
55101
55128
55771
56052
57180
57489
64976
6647
6787
78988
79184
80071
80762
81627
8226
84273
92675
9824
10924
117246
120534
1894
2178
253832
25879
27079
2885
3454
471
4717
494143
53339
5355
54838
55002
55143
55969
56180
56652
59343
65260
7153
7272
7444
7511
79080
84678
84790
8884
90355
9093
9692
10247
116228
123207
157567
200765
23479
253635
26235
26275
282991
339487
441024
493753
497661
51019
51510
51522
529
54987
56945
665
6908
79576
80145
92259
10632
10778
10989
118487
127396
1347
2271
22909
23184
25938
307
345462
388753
399818
4694
4708
51023
51300
57231
58515
64215
64858
64860
6940
7257
8443
9183
92106
10257
1429
2218
54902
85013
221150
27300
54995
57763
123263
258010
3033
4695
54840
55028
55676
64425
7268
9324
9414
84524
92345
10799
122961
151987
221656
23341
23397
23424
23649
24144
253714
25840
27034
27247
2976
4285
4682
4706
4931
51451
55157
55181
604
6389
6780
79066
79135
79830
80067
9213
220134
5347
55173
57587
25788
699
98
6597
10615
10904
150776
3858
51287
79707
10293
7879
100128822
100132707
100190986
100287015
11039
1841
202658
202781
220906
389741
401264
51667
57291
6218
646791
728689
91661
100287616
200030
23294
283131
283788
64146
100129543
342808
643446
170549
692086
1348
150759
646090
100128055
100128437
100129022
100131004
100287628
100290144
171220
26268
3921
439911
440350
5761
645166
651250
727828
728127
728989
729305
100128191
100128319
100129171
100132161
170527
246737
414132
731788
100129800
100288891
26978
340947
387628
388112
392232
399520
642236
646127
652607
692205
90462
100132973
100291405
100293916
642502
751867
100131067
100288092
100498859
643911
647099
100271292
100288765
730159
100132773
10357
125242
128770
285412
642361
83880
100128140
100132742
144581
220717
326626
389435
441533
442216
54145
642741
644315
645691
649299
727866
728937
729402
93144
100127922
100130211
440926
653441
203107
100132073
222070
2500
730200
730651
285812
100131085
645566
375748
100132863
100130014
170510
26636
441242
728411
728813
148413
642817
100188891
114657
286208
100134445
643802
647033
100134091
729222
4512
100131735
100134365
100132181
10835
728903
100128414
100151663
646527
729602
100128564
735301
100131110
100129673
100293219
100271399
100130725
441876
100132345
100270972
100133481
100293596
730631
100288000
100289466
100291367
100310785
4362
440248
9292
56973
642031
441032
389672
2449
652799
653882
8215
643313
3466
440122
116710
2467
2468
1313
4509
4519
2386
728684
23437
50818
2436
2450
2451
2452
2459
2667
4538
341333
440563
440587
644914
