10002
100126583
100126793
100130100
100130386
100132399
100134822
100271230
100288841
10297
108
10841
116931
123787
126147
140759
140879
142680
145873
158441
1609
168544
1822
199720
2088
2128
222663
22945
22953
23189
23275
23617
253982
255057
25999
26013
2623
26261
267013
26835
2689
27200
2819
284900
28516
285498
286436
28796
28816
28939
317760
3338
347359
347745
347853
3488
353500
3589
360180
3690
400410
400950
401131
401692
4108
4320
441476
442204
5003
51043
54029
54037
55057
56666
57055
5893
64386
644649
653363
655
6560
664709
664722
6915
7148
726
7275
728369
728373
728379
728393
728400
728405
755
7608
79289
79334
79924
80036
80161
80262
84818
8484
8495
8618
90113
9024
93107
94027
10
100009606
100049613
100126324
100128009
100128124
100128482
100128568
100128621
100128627
100129413
100129464
100130101
100130269
100131012
100131257
100131472
100131613
100131825
100132025
100132062
100132163
100132285
100132292
100132396
100132774
100132885
100133321
100271177
100271516
100286895
100287429
100288679
100288702
100288822
10050
1006
10060
1008
10083
10107
10110
10136
1016
10164
10168
10233
10234
10242
10249
10332
10354
10382
10408
10411
1048
10485
10505
10529
1057
10612
10629
10675
107
10716
10738
10747
10753
10786
1080
10816
10821
10824
10825
10826
1084
10847
1087
10877
10882
1089
10900
10917
10993
1101
11016
11022
11043
1106
11061
11074
11085
11107
11122
11136
11166
11181
11202
11223
1124
11248
11255
1129
11318
1133
11330
1134
1136
1137
114182
1142
1144
114884
116
117
117153
1184
1238
123872
1261
126393
1268
1270
1272
128178
1288
129025
130
1302
131578
1339
135138
135948
1369
1378
138046
1395
139538
1400
1401
141
1442
1447
145241
146754
148
1480
149628
1517
153
1538
1539
1544
1548
1549
155
1551
1555
1557
1559
156
1562
1571
1576
157627
1579
1586
1587
1600
160313
1610
162461
1630
1638
164656
167
1670
170680
1723
1746
1748
1757
1773
1776
1813
1816
1826
1837
185
186
187
1874
189
1896
191585
192217
1949
1956
2016
2025
2038
2041
2044
2057
2065
2066
2072
2099
2100
2104
2117
2122
213
2150
2155
2160
2168
2176
2192
220077
2206
222
2243
2244
2257
2263
2264
22847
22848
22854
22899
229
22941
23017
23026
23086
23105
23120
2315
2327
2329
23293
23305
2334
23349
23365
23410
2346
23467
23533
23538
23542
23544
23619
23620
23629
23746
23752
24
245
247
2492
2524
2528
2554
2555
2557
2558
255926
2566
2569
2572
2576
25775
25803
25819
25830
25837
25849
259
259173
259217
2596
26047
26085
26101
26102
26206
26236
26266
26279
26280
26532
26579
2661
26658
26659
26716
2676
2678
26788
26827
26829
26834
26856
2688
26952
26957
26998
27004
2702
27035
27092
27141
27156
27179
27185
27284
27288
27293
27303
27314
27330
27345
2740
27445
2751
2765
2775
2779
2798
2813
2822
2835
283927
2840
284649
2850
2854
28637
28738
28941
2897
2898
2899
2902
2904
29113
29114
29119
2916
2917
2925
2938
2949
2994
29974
3026
3044
3077
3083
3111
3158
316
3170
3172
32
320
3215
3233
3235
3263
326594
3273
3299
3311
3355
3358
3359
3360
3362
338
3382
339669
3424
3441
3444
3447
3448
3449
3451
3479
3481
3494
3500
3501
3535
354
3558
3559
356
3565
3568
3581
3651
3662
368
3698
3700
3712
3718
3736
374286
3745
3748
3752
3755
3757
3758
3762
3766
3779
3786
3787
378706
379005
3798
3802
3805
3810
3817
3827
386607
387535
3885
388714
389677
3898
3910
391269
391627
3929
3938
3960
400046
401014
401637
401903
4025
402562
402679
4130
4142
4143
414771
4158
4161
4163
4184
421
429
4294
4327
4353
4355
4356
440225
442194
442715
4524
4585
4586
4590
4607
462
4647
4648
4703
4761
4764
4772
4808
4824
4838
4842
4887
4889
49
4915
4916
492
4956
4958
496
4974
4975
4986
4988
4991
4992
4993
5009
5016
5030
503637
5046
5063
5068
5078
5081
50833
50834
50840
50858
50940
50943
5097
51003
51050
51151
51179
51200
51208
51213
51267
51364
51412
5143
51438
51440
51471
5153
51533
51540
51622
51666
51725
5207
5225
5267
5275
5284
5313
5317
5322
53393
534
5340
5349
53616
5375
53905
53919
540
54015
54030
54051
5407
54075
54207
54363
5444
5453
54566
54576
54578
54658
54714
54744
54766
54798
54805
54827
54848
54857
54865
54866
5487
54886
54891
54986
54988
55036
55118
55124
552
5521
55224
55248
55286
55287
55338
554045
5542
5545
55466
5549
55507
55567
55576
55613
55777
55800
5581
55879
5592
56
5602
5608
56163
5617
5618
56245
5646
5648
56547
5655
56606
56656
56673
5669
5672
5675
5678
56891
56920
5697
56972
57030
57096
57104
57115
57119
57135
57165
57172
57188
57191
57235
57242
5733
57336
57408
57447
5745
57468
57586
57613
57669
57795
57830
58158
5820
58495
58503
58510
5858
5915
59340
59344
5942
5969
5979
5991
6005
6010
6033
6035
60385
6060
60676
6078
6097
6145
6208
6239
6291
6315
6318
6334
6336
6337
6340
6344
6357
63827
6387
63876
63895
63924
63974
640
64066
64067
64096
64100
641379
642131
64344
64375
6439
6440
644016
644450
644761
645740
64579
64582
645927
6462
6465
6473
64816
64849
649
6511
6512
65121
6514
651452
6519
6523
652694
653
6530
6532
653214
653247
6534
653650
653808
6539
6540
654321
6545
6549
6554
6555
6559
6564
6567
6568
6578
6579
6585
6586
6616
6657
6665
6671
6677
6716
6752
6754
6756
6757
6801
6822
6833
6847
6854
6869
6872
6898
6910
692232
6927
6928
6954
6955
6999
7007
7080
7113
7143
7198
724
7258
727787
728097
728254
728564
729057
729113
729162
729515
729838
7299
7300
730227
730952
731
732
7348
7352
7366
7429
7475
7481
7482
7498
75
7512
759
763
771
7710
774
776
778
7781
782
7824
783
7849
785
7881
79012
79092
79097
791226
7932
79370
79424
796
79621
79712
79730
79781
79784
79814
79819
79845
79849
79858
79875
79946
79966
79969
79999
80022
80031
80127
80144
80168
8022
80243
80258
80307
80317
80329
80350
80352
8038
80763
80831
80852
80867
810
8110
8120
815
816
81697
8174
81797
8193
827
8322
83259
83394
83450
8353
8360
83864
8388
8390
8392
8395
8398
843
84440
845
8456
84779
8482
8483
84830
8516
8529
8534
85368
85452
860
8626
8647
8671
8687
8747
8748
8749
8756
8786
88
8812
8832
8856
887
8912
8913
8973
89870
8989
8997
8999
90011
90204
9032
9071
9074
9081
909
9099
90993
91
9108
9127
9148
9153
9177
9187
92086
9210
9228
923
92346
9312
93164
9350
9355
9369
9376
9389
9400
94026
941
9421
9423
9427
9430
9436
9437
946
9487
9509
9515
956
9567
9628
9649
9687
9699
9717
9722
9758
9865
9875
9901
9912
9940
9942
9970
9990
100131315
100131754
100132365
100132759
100133034
100287917
100289053
100291464
100293713
11190
200575
2260
25822
26831
26871
283617
286191
347746
3872
388125
4313
440084
440683
4611
552859
643136
643634
644451
644731
645369
652764
692146
6966
723961
729009
729562
7956
80112
8728
9638
9783
1000
100093698
1001
100101478
100132891
100132941
100133761
1002
10021
100291670
100293440
1004
10046
100505680
10076
10085
10090
10098
1014
10152
10188
10205
1021
10215
10220
10231
10252
10268
1029
10290
10371
10391
10395
104
1041
10418
10439
10446
10499
10518
10570
10580
10630
10631
10683
10687
10690
10715
10736
10739
10741
10743
10840
10846
1092
11075
11092
11099
11113
11141
11144
11153
11155
11170
11173
11174
11178
11189
11245
11247
11278
11341
114815
114897
115548
116285
117583
1183
1188
119
122704
124152
1281
128414
1285
128553
1286
1287
128790
128853
1291
1295
129642
1297
130026
1305
130814
131566
134
1373
1381
138162
1394
1404
140730
1412
1414
1435
146
146227
1464
146691
148229
149076
1501
152
154215
1543
1565
157697
1583
161357
1641
1644
166614
169436
171568
1734
1740
1742
1756
1759
176
1760
1762
1780
1795
1804
1805
183
1838
1909
1943
1951
196403
196740
1993
1995
199731
2002
200312
2006
2035
203510
2039
2042
2043
2047
2049
208
2115
2139
215
2170
2173
2201
2245
2246
2250
2254
2258
22837
22846
22871
22873
22891
2290
22924
2294
2295
2297
22979
22983
22987
22996
22997
22999
23025
2304
23046
23051
23072
23085
23093
23096
23098
23102
23114
23127
23133
23148
23150
23162
23187
23194
23208
2321
23236
23255
23263
23264
23284
23286
23302
23336
23354
23373
23383
23386
23432
23452
23457
2348
23522
23749
23762
23767
23768
23769
238
24139
244
246100
248
249
2494
251
2523
253769
2549
255275
2562
2563
256933
256949
2571
257407
25758
25759
25778
25789
25794
25802
25807
2583
26002
26027
26030
26033
26038
26050
26052
2624
26256
26508
2652
266722
266727
266743
2670
2675
2693
2695
27
2701
2707
27115
27129
27251
27253
27254
273
27333
2736
2743
2781
2786
2788
2812
2824
2830
283576
284
284297
284403
284656
285780
2863
287
2886
2891
2894
29091
2911
2912
2913
2915
2931
2972
29775
2979
2981
2983
29906
29937
29944
3060
3061
30818
3082
3084
30848
3164
3196
3207
321
3213
3216
323
3232
3236
3269
3316
3321
333
3356
3363
338707
3400
3425
343990
347088
347402
348378
3552
357
358
3623
3624
363
3642
3643
367
3679
3680
3696
3730
3741
374378
374569
3749
3761
3778
378108
378951
379
3797
3800
3808
3851
386608
388419
388886
3889
388963
3897
3899
390651
392479
3931
3953
3984
3996
40
400736
400812
4017
402665
4030
4038
4040
4045
4058
4059
4070
407046
4091
4099
41
4109
4131
4133
4135
4137
4139
415
4185
4193
4223
4233
4239
4241
4261
4293
43
4323
4325
4336
4345
43847
440730
441151
442186
4481
4487
4488
4495
4504
4584
4598
4613
4635
4641
4661
4680
4684
4693
4745
4747
4763
4784
482
4856
4857
4858
486
4878
4881
4882
4884
4897
4901
491
4917
4919
4920
4921
4978
4987
5047
50649
5069
5071
5076
5080
50804
50855
50859
5098
5099
5101
51059
51083
51090
51196
5126
51268
51308
51310
51332
51341
5137
5139
5141
5144
51450
51517
5152
5155
5156
5167
51741
51750
51778
5178
5208
5218
5224
5228
5296
5332
53335
5335
53358
5354
5362
5364
53904
5396
5413
5414
54221
54507
54538
5454
5457
54587
5463
5465
54661
547
54715
54869
54898
54972
54989
5502
55040
55117
55190
55203
5522
5523
5533
55384
554313
55539
55607
5563
5565
55679
55691
55753
55764
55806
55816
5582
55859
5587
55908
55966
5599
5600
5609
56132
56145
56146
5629
5630
5649
5650
5653
5671
56928
56978
56999
57125
57144
57158
5727
5731
57338
57348
5740
57419
57476
57497
57538
57556
57591
57593
576
5764
5770
57715
57805
5784
57863
5787
5789
5795
5798
5800
5801
5817
5818
58529
5864
5865
5866
5909
5916
5923
59353
596
5968
5989
5992
5999
6000
6002
6004
610
613038
6247
6262
627
629
6297
6299
63035
6324
6327
633
634
6376
63925
6405
64094
64097
641457
6422
64220
64227
6424
64399
644157
6444
644728
64506
645191
645387
6456
6457
645722
646282
64714
6474
647436
64772
64838
6487
6493
650293
6505
65055
6508
6513
651610
652
652637
65268
6529
6536
654
65997
6622
6640
6645
6656
6660
6663
6664
6693
6710
6714
6753
6769
677
6781
6792
6820
6855
6857
6866
6886
6899
6900
6909
6911
692076
6942
7003
7008
7010
7015
7020
7025
7039
7042
7043
7060
7067
7068
7070
7093
7102
7111
72
720
7216
7273
727837
728047
728052
728215
728882
729486
729617
729648
729915
7345
7373
7424
744
7447
745
7490
7554
762
768
773
775
7776
7799
780780
7869
793
794
79611
79744
79776
79822
79825
79836
79863
79953
79990
80028
80032
80054
80114
80128
8013
80263
80303
80333
80740
80760
8085
8091
8092
81136
8128
81848
81849
8220
8326
83475
835
83660
83696
83849
83999
84168
8431
8434
8437
84444
84448
84532
846
84629
8470
8503
8522
8532
85352
85360
85442
8549
8555
8581
861
862
8621
8622
8629
8646
8658
869
8711
8739
8745
8817
8828
8829
8839
8840
8844
8851
8854
8888
8908
8911
8927
8932
8945
89795
8994
9001
9021
9028
9037
9048
90627
9118
9180
92
9201
9215
92154
9229
9244
9254
9282
93
93426
9353
9362
93664
9372
9378
9379
9381
9390
9413
9468
9479
9480
9486
9508
9514
9563
9568
9572
9575
9612
9627
9644
9719
9760
9771
9788
9829
9843
9856
9863
9899
9900
9911
9945
9986
100128400
100129675
100131039
100131768
100133724
100506557
10129
10278
10396
10420
10893
11094
11096
11251
112937
126070
1437
151742
154796
1620
162494
164633
1741
1842
192683
2074
221122
2252
22874
23057
2331
23428
23500
23545
2487
255394
2561
25895
25992
26152
261734
26230
2662
27065
27087
2828
283045
284366
284402
284417
285220
286
2903
3128
3131
3344
339005
339855
349152
3604
3631
3768
3777
3782
3785
3908
400949
401551
401562
4155
440073
440515
440900
4503
4629
4741
4744
4776
4883
50509
51352
51710
53944
54551
54796
54813
55061
55243
55340
55604
55870
56114
56135
56675
577
5799
5826
5892
5966
6263
642580
645027
6506
65267
6543
6556
65987
677846
6804
7434
7472
79987
80003
80725
8082
80869
8115
81551
8277
84612
84820
8492
8506
8515
8556
8600
867
8831
90477
90527
90634
92211
9223
9310
9363
9576
9625
9641
9654
9832
9890
100008586
100101247
100129271
100129459
100129723
100131827
100133128
100133581
100133862
100133920
100134209
100170229
1005
10086
1013
10148
10235
10319
10406
10407
10481
10500
10633
1071
10777
10794
1081
10814
1082
10861
10864
10881
11219
11238
11281
113177
1145
114758
114784
114794
1158
116986
1187
121643
125
1258
126306
1269
127833
1280
128774
129080
1325
135892
1392
139748
1413
1415
1416
1440
1444
145678
146664
146760
147912
15
1504
1506
151
1527
1550
157848
1592
1617
1621
162968
1636
164395
1656
1667
1674
171558
1750
1758
177
1775
1800
1812
1814
1815
1821
1852
1908
199990
200205
2103
2147
2172
2220
222255
2248
2249
2259
22798
228
22844
22925
22933
2300
2307
23308
23430
23431
23434
23436
23504
23520
23604
23632
23729
250
2516
2529
2532
2543
254896
257
2574
2575
2577
2578
25806
25859
259236
25961
260429
26103
26220
26247
2636
2645
2649
26576
26584
26651
26748
269
2691
2692
2696
27019
27022
27036
27112
27132
27158
27180
27181
27239
2814
2827
284001
284800
285755
2866
28833
28875
2890
28999
2901
2905
2906
29064
2914
2918
29881
29933
29986
29989
29991
30062
3024
3031
3041
3050
30811
30813
30814
30835
3090
312
3166
3208
3224
3238
3239
3270
335
3351
3352
3361
345
3497
3508
353149
353514
3544
3549
359
362
3630
3640
3705
3706
3713
3742
3744
3756
3760
3784
3795
3803
3814
3834
3846
3857
388699
390502
390886
3963
398
3991
399904
404199
407008
4101
4102
4115
4168
417
4248
4295
4298
4308
4340
438
440387
440503
440792
441204
442236
4588
4593
4625
4654
474381
474382
4807
4825
4861
4868
487
494541
4985
4990
50487
5077
50937
51207
51214
51224
51286
51298
5133
51333
51350
51475
5148
51480
51555
525
5268
5309
53338
53345
53841
54039
54413
5452
54531
54549
54550
54581
5460
54626
548332
54932
54979
55001
55020
55079
55095
553
554
5544
55472
55515
5554
55547
55554
5596
56107
56112
56341
5644
5673
56896
56903
57054
57091
57369
575
57540
57582
57664
57716
57718
57731
579
58498
58512
5890
5940
594855
5978
6006
6098
6123
6206
6276
6288
6295
6329
6343
6346
6367
63970
63978
64072
643246
6442
64446
64499
64600
64641
647070
647589
64800
64925
64939
6496
6521
6528
653437
6550
656
6569
6572
658
66002
6623
6661
6698
6759
680
6861
692159
6978
7018
7021
7032
7036
7038
7054
711
7135
7140
7142
7161
7177
7226
723778
724023
7253
728099
728353
728461
729234
7293
7369
7462
758
777
7780
79166
79173
79412
79444
79574
79734
79742
79816
799
79906
79955
79974
80070
80164
80316
80326
8048
80737
8111
81137
81492
8153
81543
81621
81693
81792
8200
8330
83482
83942
84033
8416
84179
8447
84530
84733
84929
8512
859
8794
886
89
8928
8929
8938
89919
90199
90332
9058
90586
9080
9152
91683
91828
91977
92736
933
93408
94115
9478
9495
9503
9506
9542
9622
9623
9671
9718
9721
9751
9753
9947
9956
100130519
10047
10068
10316
10343
10368
10369
1045
105
10637
10660
10661
1068
10798
10803
10817
10858
10913
10930
11045
11077
11249
11317
1135
1141
114548
114881
1160
1180
1240
1271
128408
1298
1356
1358
1406
1409
1417
1420
1443
1463
146325
148066
148753
150160
1510
1669
169841
1755
1870
1907
1961
198437
2001
201191
2056
2081
2125
2134
2208
221472
222642
2253
22895
22989
2299
23040
23092
23109
23237
23359
23426
23495
23498
23539
23563
23566
23569
2358
2359
242
2520
2525
2527
2567
25770
258
25823
26083
26093
26150
26184
26251
26290
2637
2642
26538
268
2703
27124
27147
27165
27190
27237
27287
27296
27297
2735
2741
2785
2797
2832
283212
283677
284217
284352
284439
28683
2892
28954
29063
2978
2993
29943
29947
29999
3000
3046
3049
3195
3211
3218
3219
3227
3231
326
3268
3290
3350
3354
339
3442
3446
3483
3557
3562
3596
3605
3626
364
3641
3674
3697
3746
374977
375057
3753
3763
3765
3770
3788
3816
3849
3853
3883
3884
388569
3886
3887
3892
3906
390892
390999
3975
401
4010
403314
4062
407
4093
4113
4146
4188
4321
434
4342
4352
4359
4435
4440
4544
4608
4626
4640
4759
4760
477
4803
4852
4888
4908
4914
4923
4948
495
4994
5005
5008
5017
5020
50613
50616
50674
5075
50831
50944
51032
51052
51066
51168
5121
51270
51289
51385
5140
51442
51561
5169
51702
51761
5239
5301
5338
5348
53637
5365
53822
54212
54361
5443
54546
5455
5456
5458
5462
54718
54738
551
55220
55267
5539
5540
55423
55565
55612
55811
55867
56154
56159
5620
56302
56344
5662
56981
57010
57126
57127
57152
57171
57194
57198
57402
57555
57799
57818
57824
57876
5802
58985
59283
59335
5950
5957
5959
5961
5972
5995
6017
60495
60506
60598
6094
6096
6285
63036
6326
63910
63923
63973
63976
64102
64122
641339
64137
64211
643
643338
6469
64901
65012
6524
6531
6538
6546
6620
6649
6689
673
6755
6758
6853
6862
6865
6943
6948
696
6998
7051
7104
7222
7287
7350
7379
7380
7425
7454
7471
7479
7480
752014
765
766
7783
779
79054
79083
79369
79698
79729
79758
79802
79804
79867
79935
80045
8074
80975
81033
814
81569
8170
8224
8288
8369
8383
8394
84271
8435
8471
84913
8499
8633
8688
8735
8789
881
8822
8941
8993
90019
9002
90485
9066
9113
9132
9173
9211
9219
9248
9283
9287
9293
9294
9311
9356
943
9464
9465
947
9537
954
9609
9745
10317
1056
10590
10692
10721
10990
11264
1237
126353
127534
146713
1589
163404
1999
2005
2036
2256
23541
23553
23742
25769
26025
26507
2687
27091
27128
3169
322
3242
3452
3456
378950
4056
4151
4826
503542
5079
51046
51297
5145
5210
55138
5619
58157
58530
6375
64663
653423
666
728441
728458
729
7766
79098
79958
83481
8632
920
92558
9536
9743
9914
100130741
10219
1044
10566
10663
1388
1825
22973
23007
2719
2847
325
4583
5282
5330
5380
5593
5724
57576
6356
6490
7053
7139
7195
79834
8538
8838
9953
100130354
100130958
100131347
100132923
100170765
10214
10587
11086
131
140
140701
150
202018
2070
2153
2204
23138
2570
25787
25876
26148
26285
26330
26539
2686
2700
27328
284930
2859
29075
29798
2980
2986
3250
344
3663
3684
3737
3780
3804
3854
4049
4051
4242
425057
4337
442862
4604
4685
5010
50835
53405
53844
54328
54466
54596
55130
55584
55885
55937
56001
56123
57053
57113
57604
5794
6403
64109
6736
6795
6870
6875
7066
7101
7274
728445
7638
79400
795
79885
80122
81616
84059
8608
8857
89884
9038
9085
92552
93432
9463
9472
9635
9752
100009665
10266
1364
146712
1572
2784
2811
2865
28810
28870
30820
319128
383
442167
4618
4656
5083
55815
57335
6085
64064
6518
6588
6974
7252
729238
80125
8620
100128025
100131655
100131939
100132417
100132570
100133273
131185
190
283112
317648
360155
401533
440895
442271
56957
57000
643847
646484
64900
6957
728113
729298
7618
79470
100289026
26530
85349
100101116
100101117
100128011
100128155
100128334
100128582
100129503
100130111
100130134
100130348
100130419
100130683
100131532
100132832
100133977
100271291
100288594
100289473
10255
1030
10415
10876
10911
11024
1118
11272
115653
117155
139061
1448
1498
1596
1770
221883
22853
2302
23408
23491
23546
245812
25763
2579
25858
259197
26107
26287
265
26529
266621
27120
27134
27178
27302
28
2833
28396
2853
285829
28584
28802
2895
29018
2922
29842
30014
30819
314
3203
3283
339457
339562
346
346562
347265
3509
3645
3772
379010
390601
390688
390874
3918
3933
395
3972
399746
414
4157
440560
441133
441263
442233
442258
4486
479
4995
51513
51764
5260
5382
548313
54854
54896
54897
55275
55321
56106
56125
56139
56171
5626
56604
56834
57835
6007
60439
60482
611
6258
63904
63928
643834
643875
645682
647162
651
6527
652993
6614
677766
693207
7006
7031
7047
717
7225
727897
727905
728012
728081
728096
728343
728591
729177
729230
729683
730909
7633
7745
7855
79172
7957
79748
79815
79919
8001
80201
80271
80739
81285
8341
8419
8468
85373
856
8643
8689
90273
9083
91316
927
9385
940
94015
9407
9620
9696
100127971
100129961
100130460
100131781
100287596
100289061
100289333
136157
203429
387693
401225
401589
5370
54516
643955
653479
100128935
10320
11025
347
64078
79661
80741
92017
9806
10896
149830
202559
22866
23416
23624
25774
2709
2845
28778
3881
3950
4036
4660
4855
51233
5266
54825
55066
57124
64063
781
79812
844
8552
9348
9866
10307
1159
2774
285596
317
3221
3563
3694
3809
3811
55683
55793
56101
5676
6819
734
8365
84200
883
944
9848
9884
26108
57214
10044
11184
56897
162972
3222
5173
54978
253190
5645
64284
91227
8448
55200
64940
390616
6317
23650
2877
79962
8242
22888
56105
389281
54768
57292
645321
649330
28786
441454
643854
100271366
28815
652493
645529
80868
926
81851
100128881
100132726
100133109
100142659
100288809
389866
401149
751580
100128076
100289509
100133583
603
93669
100128640
54600
6953
728226
729966
401103
641808
441258
100286922
28797
728419
89844
100169750
28603
28814
100130232
100131509
100131845
100133311
100133898
10850
170552
3272
349391
388076
389662
401522
440432
474150
645749
646778
727830
3813
100132178
442262
100128325
170533
388780
520
728342
100312985
646360
100129502
100124373
140715
399833
401317
442189
1532
170517
28566
57005
678656
128718
26692
100128612
100130922
100133944
100287098
28785
619342
729806
100131229
100134444
28590
286157
28826
677844
4514
170554
4508
653199
728614
390790
100128329
728897
100129239
100288628
100289187
441996
440686
100128974
729863
100129975
442257
652346
100129282
100289313
100293374
286123
54792
727842
28571
550113
9383
729070
100271401
80093
442113
693133
339942
100129105
100129122
100129194
100129907
100133686
100290973
100291944
170504
100287602
100289109
100293532
646756
100130955
100289042
100292328
645372
729083
440525
100290459
100291621
100292376
642808
28586
100134498
388605
441426
2365
2366
2367
2368
2369
2370
440863
401611
100288400
282992
100288941
649159
2448
387569
400556
28803
333931
390930
400696
2374
2378
2379
2380
2381
2383
2466
137529
2409
2410
2411
2478
85345
441323
53369
