100033432
100033440
100033809
100101126
100125556
100127961
100128122
100128172
100128184
100128379
100128775
100129583
100129647
100129888
100130298
100130708
100131693
100133661
100189007
100271033
100271190
100271210
100271213
100271246
100272147
100287357
100287673
100289351
100289545
100302274
100302282
100302739
100312794
100313803
100421533
100462772
100499177
10064
10245
114655
122888
140660
148300
170537
2284
2616
26800
26814
28304
283458
283556
28389
28408
284371
28517
28526
28559
28573
28577
28582
28606
28612
28616
28830
28864
28877
28891
28912
326269
338399
342358
347422
352290
3534
359753
386667
388237
388574
389386
390411
390419
391106
399881
400410
401337
401393
440957
441051
441887
442160
442232
442517
442578
492303
503646
517
54074
552900
6071
6137
619491
642546
643180
643371
643711
644051
644495
645884
647013
650172
651337
65978
677883
6958
6962
728088
728098
728131
728324
728378
728782
729096
729313
729557
730190
730239
730861
79001
85391
93655
100132644
118432
140756
151475
168474
220112
399511
402694
441455
469
474338
484
595097
645292
646890
647012
729012
729608
100
10001
10006
100113378
100128393
100128591
100128836
100130137
100130606
100131482
100133121
10018
10024
100271252
100287209
100287628
100288540
100289319
100289381
100302736
100313968
10036
10042
10049
10051
10061
10072
10095
10105
10109
10112
10113
10121
10123
10128
10130
10131
10133
10135
10146
10161
1017
1019
10195
10198
1020
10200
1021
10211
10212
10213
10226
10238
10241
10244
1026
10263
10280
10282
10287
103
1031
10314
10318
10329
1033
10360
10365
10381
10384
1039
10395
10397
10399
10403
10404
10409
10410
10425
10430
10431
10435
10437
10440
10455
10457
10459
10460
10467
10473
10476
10477
10478
10487
10492
1051
10519
1052
10527
10528
1054
10549
10550
10574
10576
10577
1058
10581
10591
10602
10606
10615
10616
10618
1062
10623
10626
1063
10635
10643
10644
10664
10681
10694
10695
1073
10730
10732
1075
10762
10767
10768
10769
10772
10776
10783
10791
10797
10813
10856
10885
10890
10892
109
10910
10920
10926
10938
10946
10957
10963
10971
10975
10980
10981
10983
10988
10989
11004
11010
11014
11030
11034
1104
11051
11057
11065
11073
11078
11079
11083
11098
11103
1111
11118
1112
11130
11137
11140
11145
11168
11177
11179
11222
112495
11257
11260
112616
112770
112936
113
113115
113157
113174
11331
11332
114294
114908
115207
115353
115416
115426
116225
1164
116447
116496
116841
116988
117145
1175
1176
118429
1191
1192
119559
120
1200
121053
121441
121457
121642
122769
123
123803
123920
124222
124446
124944
124995
125150
126792
127018
127253
128
128061
128308
128338
128387
1284
1291
1292
129831
132
132720
1329
133
1340
134218
134429
135228
1362
136647
137392
137682
139818
140603
140739
140823
140838
140885
142
1429
1431
1445
1452
1454
1455
1457
1460
146198
1462
1465
1466
146956
1471
1477
149951
1500
150684
1508
1509
151011
151195
1512
151246
1514
1520
152137
152217
1523
1528
153339
1535
153830
1540
1545
157378
157506
158
1601
1612
1615
1622
1624
1627
163
1635
1643
1647
1650
1676
1687
170622
170954
171023
1719
1727
1728
1736
1738
1781
1786
1798
1808
1810
182
1831
1841
1847
1869
1871
1892
19
1902
191
1933
1948
195827
196383
196527
1968
1973
197370
1975
1978
1992
1994
199704
2000
200185
2004
200916
2012
201266
2014
201799
201973
2023
2029
2030
203068
2034
2037
204
2040
205
2052
2058
2067
2091
2098
2109
2114
2132
2146
2149
2171
2180
2184
2189
2193
219402
219654
220002
220988
221
221184
221710
222068
2222
2224
2237
224
2260
2271
2273
2280
22800
22822
22823
22836
22856
22861
22872
2288
22898
22902
22916
22919
22934
22948
22974
23016
23022
23028
23048
2305
23062
23063
23075
23076
23089
231
23102
23107
23129
2313
23136
23157
23165
2317
23173
23175
23176
23180
23191
23199
23200
23210
23216
23234
23240
23246
23306
23307
23310
23313
2335
23350
23370
23389
2339
23395
23397
23404
23421
23446
23464
23474
23480
23484
23499
23503
23518
2353
23530
2355
23586
23587
23589
23593
23596
23603
23607
23608
23613
23625
23635
23636
23642
23649
23657
23658
23683
23760
24137
24140
246243
246737
2512
2517
2519
2530
2534
2539
2542
2553
256586
25782
25796
25798
25800
25804
25813
25814
25816
25824
25825
2589
2590
25902
25923
25932
25941
25953
25959
25976
25996
26003
26010
26020
26031
26060
26090
26099
26118
26121
26135
26136
26147
2617
2618
26190
262
26207
2621
26292
2633
26355
2643
26509
26524
2665
26751
26778
26815
26985
26999
27000
27032
27068
27086
27089
27131
2717
27242
27250
27258
2729
27292
27309
27338
2734
27346
27347
27351
274
27429
2744
27440
2745
2746
2760
2762
2764
2773
2790
2821
283635
28409
284098
284119
284336
285148
285343
285704
285958
286016
286827
2876
2878
2879
28951
28956
2896
28969
28973
28978
28984
28987
29015
2908
29081
29082
29089
29095
29097
29107
29127
29128
2934
2937
2950
2956
2959
2971
2976
2987
29887
29899
29901
2992
29937
29945
29956
29960
29968
29969
29980
30
30008
30011
301
3014
302
3028
3033
304
3065
3066
3068
307
30834
30851
3087
3091
3093
3105
3106
3107
311
3133
3134
3135
3148
3150
3155
3159
3161
317649
3178
3181
3182
3183
3187
3251
3267
327
3276
328
3303
3308
3314
3315
332
3326
3327
3329
3332
3376
3383
3384
3385
339229
339745
340061
3417
3418
3420
3428
3430
3431
3455
3459
347735
347902
3482
3488
353
353088
353116
3566
3570
3575
3576
3597
359845
3600
3607
3608
3609
3611
3614
3615
3632
3635
3638
3654
3655
3659
3678
3692
3704
3710
3727
373156
3735
374291
3831
3832
3835
3842
3843
3858
387522
388077
388132
388372
388962
389705
389792
390251
391
3912
391256
3920
3925
3930
3939
3945
3956
3958
396
3983
3985
3987
3992
3995
399968
4000
4005
400506
400836
401505
401777
402676
4047
4048
4061
4067
406976
4071
4074
4088
4116
412
4124
4134
4149
4150
415116
4154
4162
4170
4171
4172
4173
4174
4175
4176
4201
4247
4267
427
4282
4288
4292
4296
4299
4343
4354
4358
4363
440043
440145
440275
441234
441951
4436
445
445815
4478
4494
4496
4507
4521
4528
4548
4552
4602
4605
4609
4615
4650
4664
467
4670
4673
4678
468
4683
4686
4690
4696
4708
471
4711
4713
4715
4717
472
4722
4723
4729
4731
4751
4772
4774
4780
4790
4791
4792
4809
481
4814
483
4830
4831
4833
4839
4860
4864
4869
4893
4899
4913
4925
4928
493
493856
4942
4947
4953
4968
49856
5001
5019
5034
5054
50618
50865
5090
5096
51000
51022
51029
51053
51056
51065
51073
51082
51092
51096
51100
5111
51115
51123
51125
51126
51154
51192
51203
51248
51253
51255
51258
51263
51278
51300
51318
51321
51324
51329
5134
51367
51371
51399
5142
51433
51434
51444
51465
51466
5147
51474
51497
51512
51514
51529
51537
51538
51593
51596
51602
51605
51614
51634
51649
51690
51692
51727
51734
51762
51765
518
51809
52
5202
5209
5211
5226
5245
5264
5270
5271
5293
5328
5329
533
5351
5352
5359
5371
53827
53838
5393
53938
54107
541471
5425
5433
5436
5437
5439
54433
5445
54458
54475
54504
54522
54535
54557
5464
54663
54675
5471
5478
54802
54849
54908
54919
54929
54935
5496
54962
5499
5501
55013
55035
55038
550643
55069
55075
55127
55165
55183
5519
55215
5527
55274
55276
5528
55320
55332
55352
5538
55450
5547
5552
55536
55568
5557
55573
55603
55630
55651
55660
55669
5567
55689
55701
55704
55706
55707
55720
55726
55752
55768
5578
55795
558
55813
55818
55839
55850
55856
55884
55905
5591
55959
55975
5601
56034
5607
56267
5631
56339
5634
5641
5654
56650
56655
56672
56829
56852
5687
56925
56931
56935
56943
5695
5696
5698
5699
56993
56997
57048
57085
57099
57103
5714
57157
5717
5720
57205
5721
57217
5725
573
57407
57409
57465
57478
57488
57493
57510
57534
57542
57552
57590
57600
57659
57674
5768
5771
57761
57819
5791
5813
5825
5836
58476
58477
58527
5859
586
5860
5872
5873
5879
5880
5885
5886
5889
5892
5898
5899
5901
5912
5928
59307
5932
59342
59345
59349
5937
595
596
5965
5971
5982
5983
5984
5985
5993
6001
602
60343
60386
604
60481
6051
6059
6083
6118
6136
6138
6150
6154
6158
6173
6183
6185
6195
6197
6203
6223
6227
6238
6240
6241
6251
6256
6281
6282
6284
6303
6304
6342
637
6382
63875
6391
63916
63979
64087
641
64116
64151
64175
642
6421
642585
6427
6428
643155
6432
6434
643752
644
644019
64421
644563
644961
645
6451
645317
645426
6464
646817
64682
6472
64726
64754
64761
64778
64785
64853
64859
64928
64983
65005
6502
65057
6509
65108
6515
65220
65244
65258
653252
6535
653653
6541
6558
6573
6574
6596
6599
6605
6624
6626
6627
6628
6632
6633
6635
664
6646
6651
6653
6659
667
6672
6675
6709
6717
672
6721
6723
6731
6741
6742
6745
6749
6767
6772
6777
6778
678
6790
6817
6836
684
6867
6874
6877
688
6880
6881
6890
6892
6897
6929
693229
6938
694
6950
6992
7001
7004
701
7019
7027
7029
7037
7040
7045
705
7050
7057
706
7073
7076
7077
708
7083
7086
7106
7107
7112
7117
7126
7127
7128
7132
7150
7153
716
7163
7165
7167
7169
718
7187
7188
7267
7270
7283
7284
729013
7295
729533
729562
7298
7311
7318
7319
7322
7329
7332
7337
7351
7357
7371
7374
7407
7443
7453
7456
746
7468
7520
7528
7529
753
7532
7690
7716
7752
7791
7804
7805
7832
7837
7867
7873
788
7884
78988
79022
79023
79034
79042
79071
79072
79080
79090
79095
79137
79155
79159
79174
79180
79232
7936
79447
79572
79621
79622
7965
79682
79693
79701
79709
79710
79733
79801
79887
79888
79892
7994
80097
80279
80306
80308
8073
80781
8079
8099
81037
8125
8140
81539
81542
81567
81603
81611
81620
817
81855
81873
8192
81929
8195
8209
822
824
8243
8263
829
831
8317
834
83442
83461
83636
837
83787
83852
83879
839
83940
83982
84056
84058
8406
8407
84128
84131
84135
84159
84188
84191
84230
84236
84250
84259
84275
84279
84284
84287
84293
84299
84300
84304
84306
84319
84326
84333
84340
84365
84418
8443
8445
84450
84515
8459
84617
84650
84668
847
84798
84816
84817
84833
8489
84916
84930
84946
84955
84959
85028
8508
8519
8520
8531
85377
8544
85440
85465
8553
8562
8565
8570
8572
8574
858
86
8607
8611
8623
8624
8635
865
8662
8665
8666
8667
8669
8675
8682
8683
87
871
8717
87178
8725
8728
8743
8767
8819
8828
8833
8837
8871
8874
88745
8878
8880
8882
8884
8886
8894
8898
890
8905
8907
891
8914
8930
8942
896
897
8974
89797
89845
8985
899
900
90135
9019
90268
90407
90417
90459
9049
90522
9055
9060
9061
908
90861
9097
9100
9111
9114
9121
9124
9128
91283
9133
9141
91433
9144
9156
91582
9184
9188
91966
9197
9204
9208
9212
92140
92181
9221
9232
9235
9246
9261
9263
92667
9296
9315
9318
9319
9334
9343
93663
9404
94101
94107
9412
9444
9446
9448
9454
9470
9497
95
9500
9516
9517
9521
9532
9533
9551
9555
9557
9589
960
9601
961
9612
9618
9636
9637
9638
9645
9659
9686
9697
9700
9702
975
976
9766
9768
9775
9787
9791
9793
9804
9805
9815
983
9833
9837
9862
9898
990
991
9926
993
9933
9935
9939
994
9948
9961
9972
9976
9997
100132984
1009
10160
1028
10611
10627
10657
10771
10802
10914
10962
10966
10970
10979
11011
11080
114907
114991
1266
1282
1290
1312
131566
1363
1397
140606
148189
1488
148867
1490
150465
152485
1605
1717
1809
1848
1956
196528
1969
1983
2048
2059
2135
2194
2195
2200
221061
221749
2274
22998
23174
23179
23271
23318
23321
23333
23348
23362
23363
23516
23531
23654
23670
23705
2531
253827
25847
25937
25998
26035
26137
2632
26472
267
27075
27327
2767
2778
278
2782
283209
283464
286410
2869
2887
29085
2919
2941
29922
30001
3084
3097
324
334
3423
3480
3490
3491
351
3556
359821
3667
3685
3688
3691
3693
3696
375790
378
384
390
3913
3915
4015
403
4035
4052
4053
4089
4091
4131
4199
4281
4291
440
441250
4500
4628
4646
4651
4677
4750
4811
490
501
5033
5066
50999
51095
51155
51330
51669
5203
5214
5217
5218
5236
5238
5327
54443
54480
54542
546
5480
54874
54890
55015
55076
55608
55636
5573
55740
55829
55830
5597
55970
5621
5627
56271
57120
5728
57509
5770
57794
5796
5797
5955
6009
6196
636
643438
64423
6443
6461
646243
64746
64854
649
64943
64968
65265
653501
6566
657
6594
6638
6648
6678
6711
6732
6840
6876
6925
6935
7035
7042
7078
7088
7114
7168
7204
7280
728340
7296
7328
7431
7474
7525
7620
780
79832
7991
800
8091
811
81618
81889
8204
8324
83871
83877
84168
84266
8434
8455
8502
8507
8555
857
8573
861
8613
8621
8829
8848
8877
8933
894
90102
9107
9200
9231
92370
9260
9411
9554
9590
9639
9653
966
9689
9891
10000
100093630
100093631
10010
100130176
100132406
100133299
10016
10019
10048
10054
10059
10087
10092
10096
10106
10129
10134
10137
10184
10193
10194
102
10228
10252
1027
10283
10330
10346
10363
10424
10443
10447
10464
10472
10479
10484
10489
10491
10493
10512
10513
10558
10565
10628
10640
10659
10678
10724
10725
10726
10735
10765
10782
10787
10806
10857
10916
10921
10927
10947
10950
10951
10955
10982
11031
11041
1108
11108
11120
11138
11142
11152
11167
11183
11188
11198
11214
11215
11244
112483
11252
11258
112942
1130
113146
113246
113419
11343
114876
114882
114932
115106
115294
1153
115548
115908
116064
116150
116254
116461
117178
118924
120534
121536
122416
122525
123263
123811
124540
124583
124641
126626
126731
127281
1277
128866
129285
129642
130074
130872
1314
132789
132864
133383
133746
134266
1385
1387
1389
139886
1399
140609
140901
142913
142940
143884
144348
144363
144402
144438
144455
145173
1453
145853
146223
147991
1486
1487
148789
1495
151188
151194
151613
1519
152006
152100
153222
153241
153364
1534
154807
155370
155435
157313
157680
157769
157922
158293
158358
159
1604
160418
160760
161742
162073
162394
162681
162967
163081
163882
1639
1645
166815
166929
166968
167227
169200
170463
1730
1739
1836
1843
1845
1875
1911
1955
195828
196
1965
199692
1998
200576
200894
201161
201595
201931
201965
2026
203069
2054
2060
214
2145
2152
2181
2182
219285
219749
219988
220729
221035
221037
221294
221895
222166
2247
22794
22838
22841
22862
22876
22890
22903
22906
22908
22921
22931
22980
22982
22992
23001
23012
23019
23029
23032
23047
23051
23052
23064
23077
23091
23095
23097
23111
23112
23118
23122
23137
23142
23158
2316
23164
23167
23171
23172
23177
23201
23204
23215
23219
23230
23241
23243
23253
23258
23259
23272
23287
23299
23301
23304
23312
2332
23328
23345
23351
23369
23387
23390
23405
23406
23411
23420
23429
23433
23435
23443
23451
23462
23466
23468
23476
23506
23515
23527
23528
23543
23598
23673
23710
23731
23741
25
253260
253461
253782
253959
2547
255488
257415
2581
25831
25836
25865
25871
25898
25912
259230
25957
26009
26037
26053
26054
26064
26065
26091
26092
26122
26127
26224
26234
26258
26278
26511
2664
266812
267020
26806
26820
27020
27042
27067
271
27161
27241
27252
27332
2770
2771
2776
2791
2799
280636
2820
28232
283742
284058
284106
284273
284611
285203
285237
285550
285761
286101
286451
28962
28970
28982
29066
29087
29102
29110
2932
29761
29883
29940
29952
29966
29967
29970
3069
3070
3073
308
3096
3156
3184
3189
3275
329
3298
3336
339287
339324
3398
3399
345645
348235
348654
3516
355
3554
3572
359948
360023
3628
3653
3708
3716
3717
3725
373
3796
3799
3837
3839
388
388789
3916
394
3953
3964
397
399979
401218
4013
401466
401548
402
4026
404636
404734
4054
4077
4082
4087
4090
4092
4121
4141
4144
4189
4190
4208
4212
4216
4217
4233
4245
4259
4286
4297
4329
439921
440138
440672
441899
4430
444
4490
4591
4603
4627
4638
4659
4668
4681
473
4735
4763
4779
4781
4800
4836
4837
4853
4863
4907
492311
493753
493869
5037
5048
50515
5074
50807
50808
50810
5082
5087
51026
51028
5108
51091
51105
51111
51141
51143
5116
51170
51174
51185
51232
51239
51260
5128
51309
51315
51317
51322
51347
51362
51366
51375
51377
51439
51454
5151
51510
51523
51526
51527
51528
51530
51534
51566
51569
51582
51611
51631
51646
51652
51668
5168
51742
51747
5175
523
526
5286
5290
5291
5295
5305
5306
5311
5325
5358
5361
5376
5387
53918
54059
5412
54165
54386
54407
54434
54453
54462
54464
54467
54469
54477
54495
545
54537
54543
54585
54602
54664
54665
54681
54726
54737
54741
54751
54764
54790
54822
54832
54841
54877
54906
54910
54916
54926
5494
54940
5495
54976
54985
5500
55000
55031
5504
55074
55082
55161
55186
55196
55198
55233
55251
552891
55291
55294
55297
5530
5532
55325
55331
55437
55449
55454
55500
55529
55559
5558
55601
55605
5562
55629
55681
55700
55705
55745
55746
55749
55750
55754
55769
55824
55827
5584
55904
55914
55916
5594
55958
55967
55968
55973
56204
56255
56261
56262
56888
56907
56919
56938
56941
56947
56948
56983
56990
56994
57045
571
57102
57129
57142
57178
57181
57182
5734
57403
57415
5743
57459
5747
57494
57515
57522
57532
57539
57544
5756
5757
57584
57589
57606
57616
57620
57630
57665
57695
57700
57708
57724
57798
5781
5782
58155
58190
5824
58489
585
58508
58516
58528
58533
5862
5867
5870
5884
5903
5911
5921
5925
5927
5935
594837
5954
5980
5981
599
5997
6016
60485
6049
60496
60674
6093
6120
619564
6249
6301
6302
6310
6319
6322
6383
6386
63939
6400
64112
64114
64121
64147
6416
641638
64332
64359
643790
643911
64393
64400
64418
64432
64434
6446
6453
645954
64645
647087
64710
64750
64756
64759
64764
64766
64769
64781
64784
647979
648
64848
64924
65018
65056
65125
6520
653464
659
6595
65981
65982
66005
66008
66036
6612
663
6642
6645
6713
6715
6733
6738
6744
6782
6788
687
6879
6885
6907
6934
6945
6990
6996
7013
7030
7041
7046
7048
7052
7072
7074
7082
7091
7095
7110
7171
7175
7220
7277
728568
728776
728833
728875
728931
7320
7325
7326
7335
738
7388
7402
7405
7414
7444
7466
7534
754
7570
7572
7586
7644
768211
7707
7743
7756
7779
7803
7812
7840
7846
79026
79027
7905
79068
79086
7913
79135
79139
79607
79677
79699
79768
79882
79901
79921
79960
80018
80055
801
80173
8019
80204
80205
80232
80267
80314
80315
80318
8036
808
80821
80824
80829
8087
813
81565
81566
81573
81606
81631
818
81831
81846
81931
8202
8239
8301
83593
836
83604
83742
83930
83941
83989
84060
84079
8417
84186
84248
84265
84280
84294
84376
8439
84437
84441
84460
8450
8451
84513
84527
84674
84803
84886
84910
84912
84918
84919
84925
84932
84937
85012
8543
85453
85463
8560
8567
8614
8648
8658
8660
8672
8674
868
8723
8732
8754
8766
8773
8776
8795
8826
8835
8836
8853
8879
8899
8925
8971
89910
89927
90
901
90410
90411
9043
90550
9057
90799
90806
91
9110
9117
9126
91351
91404
91408
91452
91603
91624
91746
9180
9181
91833
9202
9209
92344
9236
9240
92482
92579
92675
92689
9270
92703
928
9289
92906
92912
9295
9299
9306
93134
9314
9337
9338
9341
93627
9397
94239
9425
9453
9467
9474
9475
9488
9519
9520
9522
9570
9581
9583
9647
9652
9655
96764
9683
9693
9694
9703
9706
9709
9710
9728
9732
9736
9747
9749
9765
9778
9792
9798
9812
9818
9819
9821
9839
9852
9857
9859
9867
9871
9873
9874
9902
9908
9910
9929
9931
9946
9950
996
9960
9975
9987
9989
9991
100128060
100131785
100132594
100133322
100271374
119437
131965
136319
152815
164022
205428
220869
25832
2629
284288
29964
3323
340335
341757
389137
390806
401433
54043
57461
6144
6390
642311
643329
643873
644189
644936
646784
64745
6918
727758
729176
732272
7617
79897
8339
84267
84893
9349
9526
100101267
10011
100128062
100128731
100131801
100287932
10063
10116
10124
10189
10190
10206
1022
10221
10262
10286
10362
10413
10428
10432
10469
10471
10494
10520
10522
10541
10554
10572
10573
1059
10605
10654
10849
10899
10944
11059
11171
11191
11224
11231
112574
11259
11270
11277
11282
112849
112970
113130
11322
11339
114971
115098
116028
116236
1163
116832
118460
118472
1195
1207
1212
122953
123283
124801
126003
126328
126789
127687
127703
131118
131616
131870
1326
133619
1337
1353
140735
140809
143458
144245
144581
145553
146909
147007
147841
148413
149175
150223
150468
151230
154791
155061
159013
1595
16
161
163126
164
1663
1801
1802
1827
1857
1859
1936
1937
1958
1964
1974
1977
1984
201254
205251
2071
2101
2175
219333
220594
220717
221545
221908
221960
22818
22828
22839
22864
2289
22928
22936
22984
23
23015
23030
2308
2309
23135
23163
23190
23265
23300
23326
23335
23347
23354
23376
23401
23478
23513
23564
23609
23610
23764
23788
24149
246112
246184
2495
2521
2526
253725
254102
2548
2551
255812
25764
25777
25778
25792
25873
25875
25909
2593
25940
25950
25977
25994
26039
26268
26276
2647
26521
26528
2653
26586
2669
2710
27101
27316
2747
2752
2787
282809
283131
283232
283578
283989
284184
285359
285527
285855
285989
286144
2872
2874
28991
29108
29117
2920
2923
293
2954
2966
29896
29934
29984
29997
3006
3094
3137
3145
3190
3191
3265
3269
3280
3297
3304
339230
339231
339290
353376
3703
3712
3726
374659
375449
375757
378938
379025
381
3833
3838
3840
387328
387680
387893
388677
388722
388795
389
389203
389541
390354
390916
3921
3927
401115
403341
408050
414777
4234
4257
4276
4277
4351
440400
442497
4502
4515
4666
4707
4710
4714
4718
4724
4736
4758
4783
4801
4832
50848
50854
51014
51024
51042
51060
51070
51078
51079
51121
51124
51172
51181
51186
51202
51218
51251
51271
51293
51304
51312
51372
51428
51441
51463
5154
51545
516
51616
51635
51643
51647
51667
51714
51720
51741
5184
521
5223
528
5281
5339
5366
5379
539
54014
5420
5424
5431
5441
54461
54478
54539
54583
5479
54801
548645
54865
54882
54928
54958
54977
54998
55041
55052
55071
5514
55149
5515
55154
55168
55239
55249
55257
55270
55272
55308
55388
55599
55739
55766
55790
55845
55872
55893
5605
56342
5664
56731
56889
56900
56986
5700
5702
57026
5706
57092
57215
57291
57396
57456
57473
57583
57591
57602
57666
57787
581
5817
5827
5829
58478
5861
5869
5876
5894
5902
5906
5908
5987
60
6046
60491
6050
60558
60561
6100
6124
6125
6128
6129
6132
6133
6134
6135
6139
6142
6143
6147
6152
6155
6157
6159
6160
6161
6164
6167
6169
6176
6182
6187
6189
6201
6202
6204
6205
6207
6209
6218
6222
6224
6230
6231
6232
6234
6235
63915
6392
64110
6418
64207
64223
642236
64236
643253
64327
644096
64426
64651
6478
64949
64975
64979
6500
65003
65084
65110
6525
652968
653226
653450
653519
653659
653784
65990
6602
6606
6607
6625
6637
6650
6670
6722
6726
6727
6728
6748
6834
6835
6838
6845
6873
6891
6895
6902
6917
6921
6941
7090
7259
7262
727957
728932
729082
729163
729852
7323
7341
7386
7390
7408
7417
7458
7465
7531
7538
7559
7627
767557
7795
78994
79002
79005
79019
79077
79078
7917
7919
7920
7923
79441
79627
79660
79697
79720
79791
7982
79868
79956
80006
80025
80060
80198
80324
80335
81533
81552
81609
81669
81689
81892
81926
8227
8260
8293
8318
8321
8334
83596
83640
83667
83719
84084
84108
84240
84285
84298
84305
84316
84321
84331
8438
8449
84619
84722
84726
8487
84876
84904
84933
84950
84975
84988
84992
85002
85014
8517
85236
8525
8535
85365
85406
8566
8636
8655
8673
8721
873
8790
8815
8818
8870
8897
90120
90196
9045
90480
90634
90843
90864
9088
9112
9125
91272
9134
9139
9145
9189
91942
92002
92014
92285
92715
9274
9277
9284
93129
9317
93622
9401
9553
9631
9656
9724
9780
9781
9782
9784
9789
9794
9802
9877
9894
995
997
998
10007
100188893
10066
10067
10078
10101
10111
10138
10140
10142
10144
10150
10155
10180
10181
10217
10236
10239
1024
10253
10273
10284
10291
10296
10298
10300
10311
10445
10450
10452
10465
10480
10483
10488
10498
10514
10521
10524
10526
10534
10535
10556
10579
10598
10625
1070
10733
10746
10755
10775
10781
10795
10808
10845
10897
10904
10907
10915
10953
10956
10959
10973
10992
11017
11044
11047
1105
11054
11060
11100
11102
11127
11221
11230
11235
11237
112812
112840
11285
11325
113263
11334
11336
11337
11340
113402
113829
114034
114049
114883
114915
114926
115
116068
116092
1161
116985
118424
118487
119504
1209
122704
122961
123096
124245
124808
125228
125476
1265
127544
128240
128637
131544
1316
1317
1318
1327
1349
1351
137492
137886
138199
1390
14
140890
143
1432
1434
1435
143684
143888
144577
147179
147339
1476
147923
1491
152579
153129
153443
1629
162989
1632
1642
1655
1657
1659
166
1666
1678
168374
170384
170960
171546
172
1723
175
1778
178
1783
18
1846
1856
1938
197131
201562
201627
2017
2021
203228
205327
205564
2079
210
2108
211
2110
2130
2177
2186
2188
2197
219771
219844
219854
22
220213
221178
221302
222658
226
22809
2286
22877
22878
22883
22909
22913
22920
22938
22949
22990
23008
23013
23033
23036
23039
23042
23059
23061
23119
23126
23141
23155
23160
23168
2319
23193
23195
23196
23211
23212
23223
23244
23277
23279
23294
23317
23327
23338
23353
23355
23379
23382
23392
23394
23423
23424
23438
23463
23481
23483
23511
23524
23556
23557
23588
23594
23597
23644
23761
23774
23787
24148
2483
253714
255967
256356
256987
257218
257397
258010
25820
25829
25840
25844
25845
2585
25853
25864
25874
25879
25880
25888
25897
25904
25911
25920
25926
25938
25948
25962
25963
25966
25983
26017
26019
26043
26046
26057
26058
26088
261726
26175
26225
26255
26271
2635
26354
26608
266655
26953
26994
27005
27044
27102
27107
27109
272
27230
27335
2803
2804
2805
283237
283489
283537
284018
285381
285464
285636
285643
286148
2885
28957
28960
28977
2907
29071
29072
29088
29090
29093
29099
29100
2935
2958
2962
2975
29789
29893
2990
29914
29915
29916
29926
29950
29994
3020
3032
3035
30827
30968
3098
3146
3192
3257
3309
331
339123
339175
3396
3421
345757
3487
36
3660
3661
3669
3682
37
372
375056
375743
387882
387921
391356
3949
3980
400916
401152
402055
403313
4140
414327
4179
4218
4236
4238
4258
4287
4289
440026
440574
441024
441194
4495
4520
4580
466
4682
47
4704
4728
4733
476
48
4802
4820
4835
4850
4904
4924
4952
497661
498
49854
50
5002
5007
5018
5042
506
50640
50717
5094
51001
51011
51067
51068
51103
51106
51110
51116
51117
51119
51128
51131
51133
51142
51150
51163
51187
51193
51194
51241
51247
51250
51275
51283
51287
513
51303
51374
51382
51386
51400
51426
51429
51451
51455
51491
515
51520
51535
51542
51567
51585
51588
51592
51594
51619
51650
51654
51659
51691
5170
51735
51755
51763
51776
51805
5201
5269
527
5297
5298
5347
53635
538
53981
54069
54148
5422
5432
54414
54439
54442
54454
54460
54472
54517
54520
54521
54629
54676
54704
54707
5476
54778
54821
54840
54872
54878
54880
54915
54925
54927
54947
54965
54968
54987
55005
55023
5510
5511
55110
55125
55135
55147
5518
55197
55212
55226
55240
55245
55250
55252
5533
55339
55341
55347
55353
55379
554203
55486
5550
55505
55578
55589
55596
55627
5564
55644
55646
55658
55671
55692
55703
55717
55718
55737
55744
55758
55761
55775
55781
55810
55819
55852
5586
55862
55863
55900
55907
55920
56005
56052
5606
56061
56181
56252
56616
5663
56681
5682
56851
56882
56894
56902
56910
5694
56942
56951
56987
56995
57001
57002
5701
57018
57019
57062
5710
57122
57132
57148
57149
57162
57169
57175
5718
57184
57226
57406
57466
57472
57489
57496
57498
57506
57508
57533
57560
57570
57587
57634
57645
57647
57678
57679
57680
57720
57721
57820
57862
580
5805
5810
5814
5832
58472
58488
58505
5875
5877
5926
5936
5962
5966
5976
60313
60488
60492
60509
60684
6141
6168
617
6198
6253
6275
6277
63027
63874
6396
6397
64118
6414
64282
6429
6430
64318
6433
643837
64397
64398
64417
64425
6448
64743
64747
64770
64771
64777
64860
64863
6491
64946
65083
6526
654364
6576
65980
65991
65996
6603
6609
6611
6617
6619
6631
6652
6654
6667
6683
6729
6730
6746
675
6810
6814
6830
6839
6878
689
6936
71
7158
7159
7203
7248
7257
7266
728153
729540
729967
730029
7307
7317
7327
7334
7342
7347
7355
7360
7375
740
7415
7416
7419
7514
7533
7536
7555
7574
7594
7750
7763
7764
7769
7775
7786
7874
78996
79031
79033
79039
79048
79074
79081
790955
79096
79101
79171
79581
79595
79602
79612
79647
79665
79676
79707
79717
79752
79763
79811
79848
79893
7993
79939
79982
80017
80135
80145
8021
80227
80254
80273
80298
8030
80321
80331
80347
80727
80745
80746
80777
80789
80817
80853
8089
81034
81545
81556
81579
81608
8161
81790
81887
81894
821
8289
8295
8310
8314
8315
83440
83443
83451
83606
83608
83732
83737
83743
83862
84002
8405
84061
84078
8409
84132
84140
84162
84260
84263
84274
8428
84282
84311
84320
84336
84343
8440
84458
84516
84520
84524
84545
8458
84661
84693
84720
8481
84811
84864
84869
84881
84901
84928
84934
84981
84986
84987
84993
8500
85015
8539
85464
8563
8602
8603
8634
8664
8677
8678
8697
8702
8703
8727
8731
8733
8761
8780
8824
8834
8881
8883
8893
892
8935
8975
89978
9016
902
90378
90379
90390
905
9063
90637
90826
9093
90956
91057
9129
9131
9136
9140
9146
91574
91612
91687
9169
91801
9213
9217
9218
92400
9252
9258
92597
9267
9276
92935
93183
93210
9324
9328
93487
9354
93594
9361
93621
93624
9375
9403
9419
9439
9442
9531
9540
9550
9556
9559
9616
9632
9643
96459
9648
965
9669
9688
9690
97
9735
9741
977
9776
9790
9810
9830
9847
9849
9869
988
9889
989
9903
9917
9919
9921
9936
9943
9958
9980
9993
100133941
10015
10020
10026
10038
10056
10057
10069
10073
10084
10093
10094
10097
10120
10147
10153
10159
10165
10169
10171
10179
10196
10197
10204
10209
10210
10237
10240
10243
10247
10248
10250
10254
10260
10269
10270
10274
10276
10277
10285
10293
10294
10295
10299
10301
10302
10308
10327
10336
10342
10370
10376
103910
10393
10398
10419
10421
10422
10423
10426
10427
10434
10436
10449
10456
10458
10463
10474
10475
10482
10490
10523
10525
10533
10539
10540
10548
10552
10553
10555
10559
10560
10561
10564
10567
10569
10592
10594
1060
10600
10607
10608
10613
10614
10617
10632
10638
10641
10645
10651
10658
10668
10671
10672
10682
1069
10712
10713
10714
10717
1072
10728
10745
10778
10785
10788
10799
10801
10809
10827
10898
10902
10905
10906
10908
10922
10923
10924
10928
10933
10939
10943
10945
10949
10952
10954
10960
10961
10965
10978
10985
10987
10994
11015
11019
11021
11052
11056
1106
11091
11097
11104
11112
11116
11128
11143
11160
11161
11164
11169
11180
1119
11193
11196
11201
11212
11232
11234
11243
112487
11253
11261
112611
11266
11267
112752
11276
112858
112950
11311
11315
11316
11319
113251
11329
11333
11335
11338
11342
113655
114327
1147
114825
114885
115024
115209
115509
115752
115817
115939
116138
116224
116228
116540
117177
117246
1173
117584
118
1182
118980
119032
119392
119710
1201
1203
121260
121665
122553
123016
123169
123207
124454
124491
124512
124565
125988
126382
127933
128869
129401
129531
129787
130355
130507
131076
131474
1315
132299
132320
132949
133686
133957
134145
134359
134430
134492
1345
134510
134553
134957
1350
135293
1355
1376
137695
138428
1386
138716
139231
139322
1398
1407
140707
140775
143384
144108
144165
145389
1456
1459
146923
147184
1478
1479
148156
148327
148423
148932
149041
149371
149420
150274
150275
151525
151636
151903
151987
152007
152518
152559
153396
1537
154467
154743
157567
157570
157638
158747
1603
160897
163049
163859
1652
1653
165324
1654
1660
166785
170506
171586
1716
1718
1725
1729
1737
1777
1806
1819
1861
1876
1891
1912
192669
1939
196294
196441
1967
1979
1981
1982
1997
199857
200895
201725
202
203
2033
203427
203547
204851
2050
205717
2063
2064
207
2073
2107
2150
217
2187
219541
219927
220042
220134
221120
221150
221154
221443
221477
221656
2217
221830
221927
222194
222484
2230
2235
22796
22803
22827
22850
22863
22868
2287
22875
22882
22884
22887
22889
22894
22900
22907
22926
22930
22937
22944
22976
22978
22995
23002
23011
23014
23020
23023
23035
23041
23049
23054
23065
23074
23078
23080
23099
23116
23131
2314
23161
23170
23184
23185
23197
23198
23203
23214
23225
23231
23239
23256
23262
23270
23276
23291
23325
23344
23352
23358
23360
23367
23378
23381
23384
23386
23398
23412
2342
23450
23456
23469
23473
23479
23492
23512
23517
23521
23534
23548
23549
23558
23568
23580
23585
23590
23592
23595
23637
23645
23647
23678
23753
23786
2395
24145
246175
2491
253558
253832
253943
254170
254225
254251
254863
255252
255520
255758
255919
256471
25788
25793
2580
2582
25821
25828
25842
25852
25886
25896
25906
25913
25914
25915
25917
25921
259266
259282
25929
25934
25936
25939
25942
25949
2597
25972
25978
26001
26036
26061
26073
26097
26098
26100
26128
26130
26155
26156
26157
26168
26229
26260
26262
26263
26273
26275
2634
26502
26503
26512
26515
26517
26519
26520
26574
26610
26747
26750
2677
26959
26973
26986
27013
27018
27034
27079
27095
27125
27163
27166
2720
27229
27235
27236
27247
27249
27257
2730
27300
27315
27336
27340
27341
27348
2739
27430
27436
2783
282991
283431
283991
284040
284361
284996
28511
285172
285362
285367
285521
285590
285672
286053
2870
2873
28972
28985
28989
29028
29035
29058
29078
29079
29080
29086
2909
29098
291
29101
29103
29115
292
2926
2936
2960
2963
2965
2969
29766
29803
29843
29855
29880
29889
29894
29902
29904
29920
29923
29927
29929
29959
2997
29978
29982
30000
3017
3021
3029
3030
306
3064
3074
30836
30844
309
3099
31
310
3140
3149
3151
3163
3176
3188
3241
3281
3295
330
3301
3312
3313
3320
3337
3371
339448
339487
340252
3416
3419
3422
3454
3475
3476
347734
348793
353322
3550
3551
3588
3612
3613
3636
3646
3658
3675
3709
3720
3728
374354
374882
374969
374986
375
375444
376497
377
378708
38
382
3836
3845
387
387103
387263
3875
388272
388403
388650
388753
388969
3895
39
392
3959
3978
3981
399687
3998
399818
401397
4043
404672
405
406
4076
4085
4086
4094
4122
4125
4152
4191
4200
4205
4214
4221
4232
4285
4338
435
4361
439
4437
4501
4522
4534
4594
4601
4616
4643
4644
4676
4691
4695
4698
4700
4706
4709
4712
4716
4719
4720
4726
4738
475
4771
4775
4799
4841
4848
488
4891
4898
4926
4927
4931
493911
494143
4946
4957
4976
49855
4998
4999
5025
50484
5050
5058
5062
5073
50809
50814
50862
509
5092
5093
51
51002
51009
51010
51012
51015
51016
51018
51019
51020
51021
51023
51030
51031
51035
5106
51071
51074
51075
51076
51084
51097
51099
51109
51118
51122
51136
51138
51147
51160
51164
51167
51175
51182
51184
51188
51201
51204
51249
51256
51259
51264
51274
51279
51280
51282
51290
51292
51295
5130
51306
51307
51319
51320
51340
51351
51363
51368
51373
51379
51388
51389
51397
51398
514
51406
51430
51447
51449
51479
51493
51495
51496
51501
51503
51504
51506
51507
51522
51524
51552
51562
51573
51574
5160
51601
51603
51604
51606
5162
51621
51626
51629
51633
51637
51639
51642
5165
51651
51660
51663
51693
51696
51699
51701
51706
51715
51719
51729
51752
51768
51773
51780
51808
5189
5194
5198
5204
5213
5216
522
5230
5250
5253
5257
5277
5289
529
5300
5303
5315
5321
5326
53339
53349
5337
53371
535
5355
5356
537
5373
5378
53917
5394
5411
54149
541578
54187
54205
5423
5427
5434
5435
5440
5442
54431
54468
54470
54471
54482
54487
54497
54502
54505
54512
54529
54534
54536
54541
54545
54552
54555
54556
54606
54617
54625
5467
54680
5469
54700
54708
54732
54733
54765
54780
54788
54793
54800
54808
5481
54812
54815
54819
54838
54851
54859
54867
54881
54884
54888
54892
54899
54902
54904
54918
54920
54930
54931
54934
54939
54948
54949
54951
54955
54981
54984
54994
54995
550
55002
55003
55004
55006
55011
55012
55017
55027
55032
55037
55039
55062
55081
55093
55101
55109
55114
55119
55120
55131
55132
55133
55140
55142
55143
55144
55145
55148
55151
55153
55156
55157
55159
5516
55163
55164
55166
55167
55170
55173
55174
55178
55181
55193
5520
55204
55207
55210
55216
55219
55227
55236
55246
55247
5525
55256
55269
55278
55279
55280
55284
55288
552889
5529
55290
55293
55299
553115
55312
55319
55322
55327
55330
55333
55334
55337
55342
55355
55364
5537
55421
55422
55425
5546
55527
55556
55571
55572
55577
55585
55588
55591
55602
55621
55622
55623
55625
55631
55632
55635
55652
55654
55656
55664
55677
55687
55699
5571
55723
55727
55729
55732
55735
55741
55743
55748
55756
55757
55759
5576
55763
55773
55776
55783
55788
55789
55791
55794
5580
55802
5583
55831
55832
55833
55837
55841
55847
55848
55854
55857
55858
55860
55869
5589
55892
55922
55930
55969
55972
5603
5604
56180
56254
56257
5635
5636
5660
56652
56674
567
5683
5684
5685
5686
5688
5689
56890
56898
5690
5691
56916
5692
56922
56929
5693
56940
56945
56950
56965
56984
56992
57035
57037
5705
57082
5709
57095
57107
5711
57117
57128
5713
57130
57147
5715
57153
57179
57187
57189
5719
572
5723
57231
57325
57326
57448
57470
57486
57511
57531
57541
57561
57563
57568
57599
57614
57650
57655
57693
57696
57698
57703
57704
57727
57763
57826
5792
583
5831
58480
58487
58497
58515
58517
5868
587
5888
5905
5910
5917
5920
59286
5930
5931
5933
5934
59343
5970
598
60314
6038
60412
60436
60487
60493
60528
60559
60560
60592
60626
60682
6102
6117
6119
6130
6146
6156
6166
6171
6181
6184
6188
6191
6193
6217
6228
6229
6259
6294
6307
63826
6385
6389
63901
63917
63920
63931
63933
64062
64065
64083
64089
64105
64135
6415
64172
64210
64215
64216
64224
64225
6426
64326
64328
64343
64374
64395
64412
64419
64427
64429
64431
6470
64744
6477
64783
64786
64795
6480
64801
64834
64841
64844
64855
64858
64921
64960
64963
64965
64969
64976
64981
650
65008
65059
65062
65080
6510
65109
65117
65260
654483
6597
65983
65992
6601
6613
6629
6636
6643
6647
665
6655
6687
669
6747
6760
6774
6780
6787
6793
682
6827
6844
6856
686
6868
6882
6888
6894
6905
6908
6923
6924
6949
699
6993
7014
7026
7064
7084
7094
7105
7109
7145
7157
7174
7178
7181
7182
7184
7247
7260
7263
7268
7272
7290
7297
730094
7314
7316
7321
7324
7336
7353
7358
7378
7381
7384
7385
7398
7403
7411
7421
7430
7469
7485
7486
7494
7511
7541
7542
7543
7553
7593
7596
7697
7699
7702
7705
771
7738
7748
7776
7799
7866
7871
7879
790
79003
79004
79084
79134
79143
79145
79158
79183
79184
79188
79228
79269
79443
79567
79573
79576
79577
79590
79596
79609
79624
79631
79634
79657
79664
79666
79670
79672
79675
79694
79711
79718
79728
79736
79738
7979
79796
79829
79830
79866
79876
79902
79912
79968
79980
80010
80013
80142
80143
80146
80155
80179
80196
80208
80209
80213
80218
80219
80223
80228
80230
8028
8031
80344
80349
805
8050
80755
80762
80790
80856
80895
8106
81502
81550
81553
81554
81555
81558
81572
81610
81614
81619
81627
8165
81688
81839
81847
81875
819
81930
8208
8214
8226
8228
823
8241
826
8270
8303
832
8323
833
83460
83479
835
83548
83549
83605
83607
8364
83641
83658
83666
83692
83891
83892
83931
83932
83939
8396
83986
840
84057
84064
84065
84081
84102
8411
84129
84142
84146
84153
84154
84172
84187
84190
84193
84196
842
84232
84233
84245
84246
84247
84262
84268
84272
84273
84296
84312
84314
84317
84324
84328
84337
84342
84455
8446
84498
8452
8453
8454
84549
84640
84641
84656
84669
8467
84678
8473
84749
8479
84790
84792
8480
84823
84859
84888
84897
84899
84908
8491
8493
84938
84945
8495
84954
8496
84961
84962
84976
85007
85013
8504
8518
85313
8533
8540
85403
85437
8545
8546
8554
8559
8575
8604
8615
8644
8649
8650
8661
8668
8706
8720
8724
8726
8737
8760
8763
8774
8775
8799
8801
8802
8804
8805
8813
8816
8841
88455
8847
8850
8867
8869
8872
8887
8888
889
8890
8895
8896
8932
8934
8943
89890
89891
89894
89970
9
9014
90231
90355
9039
9040
9044
90488
9053
9054
90576
90580
90624
9070
90701
90871
9092
9101
91137
9123
91252
91298
9130
9135
9147
9158
91647
9166
91663
91664
91754
9183
91860
91875
9191
92259
9238
92399
9255
92806
92856
9320
9325
9326
9330
93323
93343
93380
9352
9360
93643
9368
9371
9373
9380
9382
9391
93974
9406
94081
9409
94134
9414
9416
94241
9440
9445
9451
9456
9477
949
9491
9493
950
9525
9527
9528
9529
9538
9541
955
9552
95681
9577
9582
9584
9585
9588
9592
9611
9619
9646
9657
9663
9666
967
9673
9675
9685
9692
9695
9698
9711
9716
9733
9761
9774
9777
9779
9786
9797
9801
9813
9817
9820
9836
9841
9861
9868
987
9878
9879
9882
9885
9897
9904
9913
9918
9927
9928
9949
9962
9968
9969
9978
9984
9988
999
9994
10102
10289
10652
11154
11275
113201
1503
153527
1662
2013
22950
23505
23640
23643
25979
26119
2631
26589
26995
27243
284695
285440
28974
28976
29
29074
29979
3162
3460
3988
4331
4697
4725
5000
5036
51081
51130
51144
51234
51335
51575
51645
51728
5438
54499
55255
55326
55696
55851
5704
57222
57380
57418
57804
58485
5878
5887
60673
6122
6194
6341
64149
64755
64951
7009
7024
7071
7162
7389
7423
7692
7844
79009
79833
79886
79903
8065
8237
84062
84085
84105
84836
84890
84896
8892
90321
91947
92305
93081
9377
94039
9482
9562
10166
10175
10367
10379
1040
10400
10412
10542
10667
10670
10721
10884
10929
1102
11124
11157
11313
11321
1155
118987
140465
157285
1665
167153
1763
1854
200734
223082
22929
23081
23082
23471
23633
23660
252839
25776
26227
26269
26284
26286
2673
26996
27069
27238
27244
27349
29105
2961
29796
3052
3185
3397
34
4001
4126
4734
50650
51008
51227
5279
549
54969
54982
55108
55179
55300
5536
5612
56647
56915
57050
5708
57414
57621
57688
5828
58493
594
60685
6165
6175
6210
6272
64222
64422
6513
65977
65993
6809
6883
7155
7265
7343
757
7637
7818
79017
79020
79053
79073
79075
79102
79109
79154
79663
79770
79959
81537
8175
83540
8402
84318
85457
867
8738
8772
89122
90141
9015
9168
91689
92106
9275
9410
9443
9518
9748
9816
9922
9924
10328
10466
10935
10969
10972
11218
1633
1894
200845
200933
22826
23186
23560
25843
2733
28998
29083
29777
3015
3622
387338
400
5052
50628
51094
5110
51499
56954
5716
6018
6047
662
6634
6832
6944
7372
7518
79029
79142
79161
79731
830
84522
84759
8550
8803
94056
94104
9604
10438
10575
10589
11068
11345
1211
127262
1347
159090
2131
223
22845
22911
23582
23623
25855
25901
26123
26469
27248
2806
4357
4701
4702
51134
5127
51759
5191
55055
5531
55611
5707
57136
57405
6388
64420
65264
7251
7264
7422
7507
79568
81853
84148
84844
8548
8625
8891
9069
9167
9587
9667
10313
23034
29890
1839
79686
80212
8498
9512
1371
2119
53340
6237
8027
84313
84967
898
10055
10199
1213
2639
27339
4905
54432
55661
57003
6734
7205
79714
80700
84681
9367
4694
53343
54826
55010
85476
8992
1468
79016
63905
83752
91419
10099
11072
113510
51228
55172
56270
9650
10383
1611
51726
79177
162
50813
79144
79050
