1
100008588
100008589
100033413
100033416
100033418
100033422
100033423
100033424
100033425
100033426
100033427
100033428
100033430
100033431
100033433
100033434
100033436
100033437
100033438
100033439
100033441
100033444
100033445
100033447
100033451
100033453
100033603
100033800
100033805
100033806
100033807
100033811
100033812
100033814
100033815
100033820
100033821
100033822
100034248
100036564
100037417
100049587
100073347
100124535
100124536
100124538
100125392
100125918
100126583
100127910
100127955
100127987
100128009
100128028
100128031
100128035
100128107
100128219
100128253
100128278
100128315
100128356
100128400
100128402
100128460
100128494
100128505
100128517
100128560
100128569
100128621
100128627
100128655
100128668
100128675
100128682
100128785
100128788
100128818
100128885
100129027
100129046
100129094
100129101
100129113
100129119
100129125
100129149
100129215
100129233
100129272
100129297
100129395
100129397
100129413
100129464
100129631
100129675
100129707
100129716
100129724
100129763
100129767
100129775
100129785
100129850
100129860
100129878
100129897
100129995
100130015
100130083
100130101
100130157
100130193
100130274
100130283
100130302
100130314
100130430
100130442
100130453
100130463
100130600
100130673
100130745
100130800
100130817
100130857
100130863
100130899
100130927
100130936
100130954
100130980
100130988
100131000
100131066
100131101
100131120
100131132
100131193
100131242
100131264
100131289
100131315
100131355
100131479
100131492
100131594
100131669
100131802
100131820
100131822
100131826
100131829
100131831
100131878
100131902
100131910
100131929
100132004
100132006
100132071
100132159
100132240
100132292
100132306
100132363
100132565
100132593
100132764
100132790
100132929
100132966
100133029
100133093
100133150
100133190
100133227
100133306
100133791
100134240
100134348
100134868
100147763
100151643
100151683
100170219
100188917
100189044
100190949
100191040
100268168
100270964
100270968
100271530
100271702
100271835
100272228
100286906
100286938
100287045
100287049
100287102
100287119
100287227
100287313
100287415
100287552
100287562
100287596
100287654
100287792
100287841
100287898
100288077
100288079
100288114
100288428
100288675
100288778
100288797
100288801
100288822
100288841
100288846
100288884
100288891
100288897
100288910
100288914
100288974
100289019
100289060
100289350
100289383
100289509
100289574
100289580
100290936
100292804
100293748
100294391
100302146
100302285
100303453
100303755
100310812
100379220
100498859
100499483
100505503
100505621
100506164
100506581
100506634
100506786
100507135
100507170
100507249
100507436
100526664
100526693
100526737
100526739
10354
10356
10820
1092
11217
114130
116938
118461
1197
121456
121498
121504
122589
125931
128500
128790
137814
138881
139363
139793
140719
140757
140768
140849
144017
144106
145165
145195
145200
145216
147711
148430
148818
149013
149157
150935
158674
159125
170526
171423
1863
199882
206
2088
219417
219436
221262
23666
23784
245912
245931
246714
246785
2501
25826
259292
26530
26583
26682
26695
267009
267010
267013
26713
26765
26766
26767
26770
26771
26781
26785
26787
26789
26790
26791
26792
26798
26805
26807
26812
26828
26829
26830
26831
26832
26855
283193
284194
284241
284344
28457
28473
284825
285141
285484
285762
28598
286063
286094
28622
28638
286380
286480
286495
286512
28680
28756
28796
28816
28825
28833
2884
28875
28939
28941
3132
317760
319139
3311
339521
339799
340198
341112
341208
341378
342293
343384
344561
344729
3453
347549
347687
347745
347746
349633
3542
360177
373509
375719
375940
377841
378812
378884
386593
386672
386675
386682
387100
387254
387646
387720
387742
387763
387793
387820
388015
388242
388324
388428
388560
388910
388931
389102
389300
389558
389740
389787
389844
390010
390073
390082
390213
390441
390539
390996
391003
391037
391169
391194
391253
391257
391448
391764
392196
392452
392516
392862
399473
399783
399832
399886
399888
399898
399980
399990
400002
400207
400499
400555
400556
400619
400645
400662
400666
400799
400850
400863
400866
400870
400940
400950
400987
400997
401044
401045
401089
401103
401105
401109
401123
401157
401191
401225
401236
401253
401287
401289
401296
401335
401399
401410
401480
401509
401554
401687
402469
402562
402679
4029
403253
404635
404665
407008
408029
414152
414760
440077
440181
440224
440225
440264
440446
440452
440459
440519
440742
440766
440925
441081
441089
441116
441172
441191
441228
441233
441239
441253
441323
441324
441326
441369
441416
441495
442083
442132
442204
442319
442421
442454
442524
442720
4519
4539
4611
474383
503543
51072
53842
54024
54070
54081
541466
548593
550112
553112
554223
554234
57108
574029
574040
574406
5760
5938
5942
5944
595099
595135
6025
6076
6080
613206
6163
618
619373
619498
619499
619562
619563
619565
619568
619569
619570
619571
641590
642204
642316
642366
642373
642484
642513
642517
642550
642574
642648
642658
642889
642934
642947
643162
643311
643441
643475
643617
643668
643719
643736
643802
643832
643853
643905
643936
644041
644050
644070
644075
644083
644165
644316
64433
644422
644451
644591
644596
644731
644761
644767
644838
645051
645079
645181
645203
645206
645367
645434
645553
645651
645688
645769
645781
645864
645958
645971
645978
646030
646179
646278
646300
646347
646408
646409
646470
646567
646643
646862
647008
6471
647150
647215
647302
647309
647983
648283
648791
649133
649137
649489
649873
65122
651302
651610
652070
652119
652191
652965
653080
653147
653363
653427
653440
653606
653656
653924
654319
654320
654321
654322
654348
664722
677767
677768
677770
677771
677772
677773
677774
677775
677776
677777
677780
677781
677784
677792
677793
677794
677795
677796
677798
677801
677802
677803
677806
677807
677808
677809
677810
677812
677813
677814
677816
677817
677820
677823
677825
677826
677827
677829
677830
677831
677833
677834
677835
677838
677839
677840
677845
677846
677848
677849
677850
692057
692072
692073
692075
692076
692085
692087
692090
692092
692146
692148
692149
692157
692158
692195
692196
692197
692198
692225
692229
692233
692246
692312
6966
7190
727764
727832
727857
727941
727993
728034
728036
728042
728049
728065
728071
728072
728075
728082
728090
728115
728137
728138
728145
728178
728254
728369
728373
728379
728393
728395
728400
728405
728453
728463
728533
728609
728641
728655
728741
728752
728758
728832
728858
728912
728936
728975
729032
729041
729141
729233
729240
729246
729305
729330
729409
729422
729423
729444
729453
729468
729480
729495
729583
729603
729654
729662
729668
729732
729739
729774
729955
729973
729991
730005
730013
730109
730144
730183
730211
730429
730971
731275
731797
7418
751816
7608
767563
767564
767578
767582
767606
767846
79008
80154
81221
81248
81390
84815
84832
85316
85367
85390
89839
89844
90353
90925
9301
93978
94150
94151
9596
100127951
100127991
100128203
100128338
100128364
100128498
100128771
100129066
100129075
100129213
100129223
100129292
100129316
100129396
100129463
100129566
100129997
100130027
100130148
100130156
100130171
100130289
100130589
100130768
100130798
100130970
100131012
100131217
100131232
100131589
100132014
100132062
100132093
100132396
100132658
100132759
100132885
100133047
100133089
100133224
100144494
100144595
100151684
100191039
100216355
100272169
100272216
100288123
100288181
100288646
100288748
100289290
100289299
100289308
100289579
100302650
100302652
100310785
100420557
100422737
100462977
114760
119750
120146
123787
126017
127550
127608
131055
1313
1319
135270
139201
140464
140753
144874
1564
158345
158435
170067
170542
170556
199834
200726
202451
2087
219445
220832
220885
221357
2221
23437
23749
2436
245915
2498
252951
2667
26701
26802
26813
26823
27170
27184
27200
280655
280659
283440
28387
283971
284191
284230
28442
284428
28461
284861
285299
285588
285626
285690
286140
28620
28653
28882
3124
338427
338429
338662
339291
340508
340895
340900
341333
341457
341883
343930
344065
344167
3466
349196
3532
360219
375850
378706
387090
387335
387753
387977
388276
388885
389160
389240
389273
389281
389396
389842
390091
390148
390651
390860
391192
391247
391622
391738
391777
392217
392358
392371
392979
400013
400208
400221
400508
400743
400759
400812
400867
400943
401147
401286
401629
401692
401898
401960
401973
401992
402360
402644
4030
404663
414153
432369
439934
439992
440063
440180
440187
440563
440585
440587
440799
441057
441246
441314
441327
441374
441452
441502
441509
441931
442105
442229
442293
442320
442338
442459
4509
4535
4538
4663
474168
4912
50818
53369
54044
54090
54575
54744
553117
554049
55999
56115
574042
594839
6023
6029
6043
6044
6066
606724
6077
6078
613038
641311
641367
641457
642326
642521
642929
643228
643387
643664
644016
644285
644334
644390
644578
644907
644914
645001
645015
645231
645262
645263
645277
645332
645425
645432
645446
645752
645877
646066
646216
646457
646508
646517
646610
646670
646698
646745
646892
646936
646951
646996
647086
647145
648740
649186
649201
649395
651452
652826
653712
653877
692063
7214
723788
727997
728008
728218
728228
728386
728586
728627
728637
728698
728739
728957
728971
729025
729175
729201
729348
729362
729375
729528
729549
729792
729809
729927
73
730952
732226
7359
7449
780780
79289
79315
79334
81466
8215
83528
84546
84664
84741
85345
8594
94009
94158
100101121
100127886
100128002
100128033
100128531
100128551
100128574
100128605
100128961
100129110
100129130
100129322
100129345
100129347
100129361
100129424
100129616
100129781
100129794
100129940
100130009
100130172
100130219
100130231
100130248
100130533
100130618
100130633
100130987
100131004
100131060
100131103
100131174
100131208
100131497
100131599
100131650
100131654
100131700
100131719
100131754
100131894
100132526
100132738
100132830
100133042
100133050
100133091
100133811
100134371
100189251
100189532
100192204
100270935
100270959
100271148
100271152
100271208
100271339
100271584
100287164
100287226
100287250
100287333
100287345
100287512
100287612
100287718
100287869
100287917
100288016
100288306
100288436
100288485
100288496
100288764
100288960
100289053
100289361
100289462
100289878
100291464
100293713
100302168
100302183
100302401
100302526
100312849
100313801
100419909
100422781
100507573
1090
118945
119358
121360
121981
124685
126235
127545
128370
128506
133418
140623
143244
1481
149950
150166
150372
150786
151325
1518
152138
152719
154064
157708
161271
16153
16189
170529
171422
195977
202861
23574
252955
266625
26668
26693
26772
26786
26810
26811
26818
26957
277
283116
283189
283683
283701
28448
28578
28580
285804
28597
28619
28639
28773
28892
28905
28916
3125
3324
337875
337977
338442
338758
339047
339529
339742
339926
340113
340512
342510
348021
374650
386759
387264
387804
387890
388022
388523
389405
389537
389762
389791
389873
390067
390266
390424
390650
390956
391020
391048
391051
391073
391322
391475
391576
391722
391742
391767
392133
392522
392539
399804
399972
399975
400070
400087
400121
400537
400539
400706
400797
401021
401127
401164
401428
401541
401661
401663
401940
402160
406991
439915
439965
440386
440479
440567
440568
440577
440594
440683
440732
440917
441389
441400
441410
441722
441728
442104
442381
442572
4439
50516
54022
54029
54037
541465
548594
552852
55545
574501
5761
57653
57714
594838
606500
613227
642448
642623
642730
642943
642968
643136
643226
643368
643486
643551
643634
643646
643779
643884
644000
644006
644076
644248
644310
644339
644554
644634
644990
645586
645683
645740
645937
645968
645979
645996
646044
646057
646090
646513
646879
646915
648044
650638
651536
651714
652022
652215
653354
653365
653404
653566
664618
677885
692086
6985
7002
724032
727684
727910
728179
728208
728299
728316
728380
728449
728477
728573
728737
728855
728888
728929
729040
729046
729406
729467
729566
729574
729659
729678
729680
729966
729987
730256
79296
79490
79549
80112
81116
81282
81439
8333
84559
85340
85344
85388
85508
8686
8781
8944
89761
94162
9430
100036519
100126798
100128056
100128482
100129484
100129543
100129826
100129831
100130093
100130311
100130539
100131023
100131131
100131390
100131439
100131840
100132916
100133106
100271038
100287238
100287441
100287513
100288336
100288346
100288963
100291670
100293440
100312953
100505680
100506084
100507431
100526761
114599
128322
1295
149501
150921
158452
159007
199897
2246
23544
255349
256394
26793
280657
283710
284232
285407
337967
338436
339902
340307
343052
345643
347442
347731
3580
360180
386677
387640
387712
388813
388815
388996
391110
391766
391769
399939
400673
400892
401113
401180
401209
401232
401375
401561
404543
407046
440359
440498
440839
441308
441425
441432
441581
442215
442249
503694
541611
552859
56144
5787
6349
641451
641510
642132
642538
643355
643563
643904
644119
644157
644662
645037
645121
645339
645453
645722
645922
646024
646050
646103
646104
646603
646625
646804
649458
650157
652764
653113
653145
653319
653645
653657
653689
653820
653888
677837
684959
7012
727828
727851
727967
728047
728147
728407
728532
728638
728653
728780
729113
729396
729408
729431
729442
729648
729956
81893
83756
90113
9303
94161
100009613
100033414
100126326
100126693
100126780
100127983
100128178
100128242
100129581
100129603
100129842
100130238
100130560
100130876
100130921
100130924
100131039
100131047
100131089
100131091
100131099
100131360
100131378
100131530
100131726
100131768
100132024
100132074
100132439
100132529
100132742
100132891
100132910
100133207
100133724
100133746
100134040
100170226
100188011
100190939
100270679
100271832
100287301
100287865
100288160
100288178
100288276
100288387
100288578
100288728
100505591
100505847
100506557
11036
116535
121364
123904
124871
124923
124976
126170
126295
127099
127295
129560
132817
133609
134111
137107
137133
139249
139542
139952
140769
140848
143543
147645
147650
147947
149832
149934
154214
155100
158381
158835
162993
170627
219875
219899
219968
219983
221017
221935
22848
255187
26581
26784
26795
26796
26797
26804
26808
26809
26817
26822
26824
283008
283070
283257
283267
283357
28425
284297
28432
284385
284565
284628
284942
285147
285453
28552
285902
28614
286187
286472
286528
28661
28664
28665
28673
28682
28776
28781
28903
29053
29057
338388
339010
339736
339906
340268
340460
340529
341392
341511
342426
342443
342541
342933
343263
343413
343505
343521
344022
344454
344593
344741
344805
345051
345079
345258
346673
347454
347541
347694
360001
374872
374879
375190
378829
378949
3800
386674
386676
386679
387055
387703
387778
388122
388165
388181
388406
388414
388532
388611
388830
388849
389064
389158
389249
389465
389607
389730
389799
389816
389827
389903
390029
390078
390245
390352
390363
390407
390414
390421
390443
390530
390600
390637
390638
390760
390816
390876
390877
390980
390993
391026
391179
391358
391458
391627
391656
391698
391710
391714
391803
391804
391819
392288
392447
392843
399959
400406
400746
400818
401472
401498
401563
401859
401944
401974
401975
402120
402182
402191
402420
402481
403239
403244
408186
414060
414189
414767
431705
439950
440675
440737
440786
440865
440973
440991
441050
441067
441259
441282
441736
441768
441849
441864
441873
441891
441932
442006
442122
442172
442242
442247
442325
442425
442744
445577
503637
503640
503645
54028
5463
55137
554251
56134
56967
574089
574414
57825
6079
619518
63930
642131
642413
642452
642511
642622
642631
642669
642791
642838
642843
643064
643167
643181
643205
643471
643586
643680
643773
643806
643810
643866
644100
644214
644333
644338
644378
644444
644456
644504
644517
644589
644619
644669
644672
644873
645010
645073
645177
645314
645348
645359
645414
645440
645443
645573
645687
645773
645993
646119
646140
646161
646196
646218
646358
646433
646467
646471
646489
646498
646543
646629
646630
646719
646723
647077
647123
647174
647253
64735
647662
647716
649238
651746
652991
653048
653067
653155
653219
653269
653435
653513
654085
654340
677797
677842
692226
6955
6959
7146
727768
728015
728093
728202
728290
728325
728339
728409
728635
728640
728660
728675
728715
728734
728748
728772
728774
728938
728962
729008
729021
729047
729131
729264
729451
729558
729611
729621
729630
729722
729727
729800
729842
729999
730016
730020
730069
730086
730102
730222
730232
751580
7624
7798
790953
7956
81557
84627
85317
85318
8831
90317
90477
9298
9300
100008586
100037280
100038246
100049615
100101247
100101490
100124373
100124534
100126270
100127206
100127947
100128076
100128108
100128285
100128310
100128439
100128529
100128564
100128570
100128588
100128593
100128626
100128651
100128691
100128718
100128737
100128770
100128787
100128843
100128881
100128942
100128979
100129022
100129048
100129055
100129105
100129115
100129118
100129122
100129174
100129194
100129258
100129282
100129312
100129407
100129434
100129453
100129478
100129492
100129498
100129500
100129515
100129534
100129572
100129673
100129701
100129703
100129846
100129884
100129894
100129907
100129931
100129933
100129935
100129938
100129946
100130000
100130071
100130111
100130152
100130256
100130344
100130360
100130373
100130401
100130433
100130507
100130522
100130713
100130725
100130729
100130761
100130766
100130794
100130865
100130890
100130892
100130916
100130920
100130955
100131034
100131110
100131150
100131195
100131226
100131261
100131373
100131395
100131434
100131450
100131471
100131512
100131582
100131699
100131727
100131744
100131755
100131792
100131819
100131914
100131938
100131943
100131993
100132073
100132147
100132163
100132169
100132181
100132197
100132217
100132345
100132399
100132430
100132460
100132495
100132798
100132831
100132858
100132973
100133019
100133109
100133123
100133145
100133204
100133280
100133469
100133481
100133616
100133683
100133684
100133686
100133899
100134015
100134498
100134663
100147835
100170220
100188891
100188954
100189416
100216001
100233156
100240728
100271416
100271840
100271846
100272148
100286895
100286937
100287032
100287081
100287132
100287171
100287204
100287290
100287366
100287429
100287445
100287547
100287551
100287569
100287602
100287697
100287704
100287846
100287879
100287896
100287948
100288000
100288069
100288105
100288144
100288208
100288380
100288400
100288413
100288490
100288524
100288536
100288656
100288679
100288765
100288805
100288809
100288847
100288869
100288893
100288911
100288941
100288985
100289026
100289042
100289079
100289086
100289109
100289143
100289219
100289338
100289341
100289410
100289466
100289470
100289650
100289673
100290144
100290459
100290928
100290973
100291105
100291367
100291405
100291621
100291944
100292328
100292376
100292408
100292680
100292884
100292909
100292959
100293219
100293306
100293374
100293390
100293532
100293563
100293580
100293596
100293916
100294023
100294102
100294362
100302178
100302237
100302392
100306940
100313835
100507132
100526740
10357
10835
10901
11158
114043
114335
114336
114761
115669
116211
116519
116534
116710
116730
116937
120364
120787
120824
121129
121838
122706
123346
123855
124149
125050
125242
125962
126432
126961
127617
128192
128312
128770
129870
131405
131909
133060
1338
134083
137529
137797
138307
138715
138799
139189
140696
140715
140758
140759
140846
145624
145873
146177
146481
146880
147093
147199
147341
147658
148003
1485
148713
149086
149194
150221
150381
150472
150483
150678
151507
151579
1517
152286
152302
1532
153328
153346
153743
154089
154860
155060
157376
157693
157848
158947
159163
161406
162632
164714
165257
165829
167555
168620
170533
170536
170549
170554
170958
171220
171490
1768
197350
200025
200058
200909
201232
201288
201292
203107
203429
204010
206426
207032
2082
219865
219956
220081
220115
220158
222070
222699
222967
22952
22953
2365
2366
2367
2368
2369
2370
2374
2378
2379
2380
2381
2383
2386
2394
2396
2397
2399
2400
2401
2402
2403
2409
2410
2411
2418
2419
2421
2422
2423
2425
2426
2427
2428
2429
2430
2438
2439
2443
2445
2446
2448
2449
2450
2451
2452
2459
245940
246181
246182
2463
2466
2467
246716
2468
2473
2474
2477
2478
2479
2480
2481
2500
252946
252948
252949
252950
252952
252953
252954
254128
254559
254896
254910
255180
255239
255480
256223
256355
256374
256483
257202
2574
2577
2579
25819
25869
259290
259295
26341
2652
26534
2657
26609
266553
266971
26748
26749
26773
26777
26779
26782
26788
2679
26799
26816
26819
26978
27004
27437
276
280660
282966
28299
282992
283102
283162
283332
283378
283398
283422
283460
283487
283575
283617
283820
283875
283911
283982
283985
284034
284047
284085
284108
284110
284123
284124
284167
284187
284215
284233
28424
284293
284309
284433
284467
284573
284581
284610
284677
285095
285116
285242
285505
285622
28568
285697
28575
285780
28586
285944
286102
28611
286123
286208
286297
286333
286434
286557
2866
28663
28793
28803
28902
28907
28914
28915
28923
29991
3031
3039
3047
3136
317751
326292
326321
326342
326343
333931
333932
337969
338002
338428
338761
338797
339059
339192
339501
339674
340073
340096
340260
340286
340359
340441
340562
340595
340811
340888
341350
342
342346
342372
342666
342897
343169
343170
343477
343702
344382
344760
344875
344967
344988
345275
346288
346329
346517
347127
347148
347265
347359
347376
347411
347517
347527
347686
347741
348303
348738
348840
348926
3494
3502
3503
350383
353134
353142
353143
353238
353323
353332
353333
3537
359710
359760
359822
360200
360226
374383
375133
375260
375318
375611
375791
376844
377007
378807
378948
379005
379010
379013
386671
387071
387266
387267
387273
387332
387569
387628
387693
387733
387745
387885
387911
388007
388152
388199
388282
388289
388524
388550
388555
388561
388595
388605
388633
388719
388759
388761
388762
388965
389033
389118
389257
389328
389383
389384
389493
389517
389602
389610
389616
389633
389658
389672
389676
389690
389692
389756
389866
389936
389941
390006
390195
390226
390243
390282
390323
390535
390561
390598
390664
390667
390748
390756
390885
390895
390930
391104
391269
391334
391343
391365
391518
391634
392197
392255
392364
392376
392391
392490
392555
392781
399706
399717
399744
399746
399806
399819
399827
399829
399844
399851
399923
400058
400061
400110
400238
400359
400454
400511
400550
400576
400624
400649
400658
400661
400685
400696
400750
400757
400804
400841
400932
400934
400945
400999
401010
401037
401039
401040
401070
401135
401149
401217
401250
401281
401303
401357
401388
401427
401445
401459
401478
401492
401508
401551
401557
401589
401611
401613
401720
401827
401983
402382
402635
403257
403315
404033
404785
406923
4101
414061
414318
4362
439935
440021
440028
440040
440044
440049
440050
440081
440122
440157
440248
440292
440295
440311
440313
440337
440362
440419
440435
440449
440461
440503
440518
440525
440600
440700
440863
440888
440896
440955
440983
441005
441016
441177
441251
441426
441430
441453
441543
441698
441795
441897
441911
441925
441956
442092
442164
442179
442185
442206
442227
442245
442258
442523
442590
445582
448834
4498
450095
4513
4531
4540
474148
474337
493913
494127
494141
494541
503636
504189
504190
504191
51481
5278
53338
53393
54015
54064
541467
54576
54759
54792
548321
5487
5489
5505
553128
554249
554250
55522
55554
55861
55871
55889
56102
56104
56117
56651
56973
57054
57055
57642
57731
5940
594840
595100
5956
603
6060
6082
613037
619383
6298
63947
64006
641737
642031
642340
642515
642569
642808
643036
643187
643313
643332
643446
643535
643669
643677
643699
643770
643797
643965
644021
644063
644265
644297
644314
644384
644511
644623
644739
644768
644850
644943
644945
644994
645139
645372
645694
645808
645879
64591
645961
645969
646029
646049
646214
646260
646262
646359
646417
646644
646652
646730
646756
646791
646836
646851
646853
646938
646960
646976
646993
646999
647131
647135
647155
647166
647219
647859
648149
648556
648570
648822
649159
649179
649294
649946
650293
652614
652799
653268
653399
653702
653882
654816
664709
6661
6700
677790
677836
678655
6791
693207
6967
6981
6983
7195
723778
7258
727710
7278
727915
728024
728056
728081
728095
728111
728118
728158
728226
728505
728603
728643
728684
728701
728724
728763
728773
728800
728987
729070
729338
729400
729436
729447
729580
729595
729686
729687
729770
729776
729860
729862
729911
729944
729994
730200
730631
730811
7315
731788
751867
7618
7623
7675
768097
7780
79308
80093
81136
81137
81696
81870
83552
83740
83864
83880
83933
84210
84449
84528
84673
84740
85376
85389
85449
85824
8585
8586
8637
87171
8759
8771
89858
89887
90110
91380
9302
9304
93444
93659
93669
9386
94236
9502
9503
9959
100009676
100093698
100101116
100101117
100101118
100101478
100101938
100113384
100113407
100124700
100125288
100126324
100126784
100126791
100126793
100127891
100127922
100127940
100127971
100127974
100128003
100128011
100128025
100128046
100128059
100128071
100128079
100128081
100128093
100128098
100128124
100128126
100128139
100128140
100128155
100128164
100128175
100128176
100128180
100128191
100128198
100128239
100128252
100128325
100128327
100128329
100128334
100128343
100128361
100128374
100128385
100128414
100128416
100128420
100128496
100128501
100128510
100128511
100128553
100128554
100128568
100128582
100128590
100128594
100128612
100128640
100128687
100128727
100128729
100128751
100128822
100128893
100128909
100128935
100128936
100128946
100128974
100128977
100128988
100128993
100128998
100129029
100129034
100129058
100129069
100129098
100129104
100129128
100129129
100129175
100129195
100129198
100129239
100129250
100129268
100129271
100129335
100129380
100129387
100129405
100129406
100129427
100129447
100129449
100129455
100129459
100129460
100129461
100129502
100129510
100129550
100129597
100129617
100129620
100129633
100129637
100129648
100129662
100129722
100129723
100129726
100129792
100129827
100129845
100129852
100129890
100129917
100129930
100129936
100129961
100129969
100129973
100129975
100130051
100130078
100130086
100130097
100130134
100130155
100130175
100130211
100130232
100130233
100130249
100130264
100130268
100130269
100130278
100130285
100130331
100130348
100130353
100130357
100130417
100130418
100130419
100130429
100130452
100130456
100130458
100130460
100130468
100130476
100130502
100130503
100130519
100130547
100130548
100130557
100130609
100130613
100130624
100130642
100130654
100130683
100130700
100130717
100130741
100130757
100130776
100130815
100130825
100130855
100130856
100130872
100130889
100130894
100130922
100130930
100130933
100130938
100130950
100130958
100130964
100130992
100130998
100131015
100131031
100131043
100131053
100131067
100131077
100131085
100131094
100131096
100131117
100131138
100131141
100131170
100131176
100131180
100131211
100131229
100131262
100131283
100131298
100131303
100131316
100131347
100131354
100131366
100131454
100131480
100131506
100131508
100131509
100131532
100131540
100131551
100131561
100131564
100131613
100131655
100131662
100131691
100131713
100131733
100131735
100131763
100131781
100131795
100131814
100131825
100131845
100131864
100131897
100131939
100131980
100131997
100131998
100132005
100132015
100132025
100132077
100132078
100132080
100132101
100132116
100132161
100132167
100132178
100132202
100132207
100132215
100132234
100132244
100132247
100132273
100132288
100132304
100132319
100132341
100132352
100132354
100132356
100132386
100132417
100132463
100132476
100132488
100132540
100132570
100132596
100132618
100132625
100132661
100132686
100132707
100132708
100132726
100132731
100132733
100132735
100132741
100132773
100132815
100132832
100132863
100132884
100132911
100132923
100132941
100132942
100132948
100132963
100132967
100132979
100132987
100132999
100133005
100133036
100133039
100133053
100133128
100133130
100133131
100133171
100133177
100133205
100133273
100133308
100133311
100133315
100133319
100133321
100133445
100133461
100133581
100133612
100133669
100133761
100133790
100133862
100133898
100133920
100133944
100133977
100133985
100134041
100134091
100134209
100134229
100134259
100134317
100134361
100134365
100134368
100134444
100134445
100134713
100134934
100134937
100137049
100141515
100142659
100144596
100144597
100144602
100144603
100144604
100144748
100147773
100151663
100169750
100169752
100169851
100170229
100170765
100170939
100188953
100189589
100190938
100190986
100192378
100192386
10021
100216479
100216545
100216546
100233209
100270680
100270972
100271177
100271291
100271366
100271399
100271401
100271516
100271715
100271722
100271849
100272217
100286844
100286922
100286925
100287015
100287098
100287114
100287144
100287163
100287178
100287205
100287216
100287284
100287327
100287362
100287364
100287404
100287478
100287482
100287525
100287558
100287590
100287598
100287616
100287664
100287807
100287813
100287814
100287877
100287902
100288092
100288139
100288152
100288198
100288238
100288287
100288313
100288320
100288323
100288332
100288432
100288590
100288628
100288702
100288721
100288730
100288781
100288798
100288860
100288870
100288939
100289045
100289058
100289061
100289187
100289230
100289313
100289333
100289373
100289473
100289610
100293516
100294720
100302522
100302691
100302692
100302737
100303728
100309464
100310756
100310840
100312985
100316868
100329135
100337590
100359394
100381270
100499171
100505587
100505724
100505753
100505870
100506032
100506042
100506049
100506116
100506144
100506243
100506310
100506627
100506650
100506658
100506736
100506742
100506947
100507229
100507608
100507650
100526694
10089
10143
10151
10156
10214
10220
10251
10255
10337
10341
10407
10411
10415
10517
10597
10603
10620
10639
10655
10677
10683
10720
10737
10739
10740
10747
10803
1082
10821
10841
10861
10886
10941
10942
10984
10991
11013
11023
11039
11042
11049
11136
11155
11159
11172
11173
11174
11194
1120
11219
11223
112401
11247
112476
11250
11255
112597
112714
112755
1129
113091
11317
113179
11318
113277
113457
113540
1137
1140
114038
114088
114112
114132
114224
114571
114657
114758
114786
114787
114788
114795
114796
114804
114817
114818
114824
114881
114897
114900
114902
115110
115196
115290
115557
115703
115795
115861
1159
116085
116179
116337
116349
116412
116437
116512
116729
116828
116829
116931
116933
116969
117159
117166
117194
117195
117196
117579
117852
118433
118471
118663
119016
119395
119678
119679
119682
119687
119695
119749
119764
119765
119772
119774
120066
120237
120586
120775
121006
121130
121256
121275
121278
121340
121391
121551
121952
122183
122740
122742
122748
123041
123688
123722
123745
123876
124056
124221
124274
124359
124404
124535
124538
124590
124857
124872
124930
125111
125115
125206
125875
125972
125997
1260
126147
126204
126206
126248
126326
126402
126520
126549
126567
126637
126661
126755
1270
127002
127059
127062
127064
127066
127068
127077
127255
127294
127385
127406
127540
127623
127665
127731
127833
127841
1280
128239
128272
128366
128367
128439
128467
128497
128580
128668
128718
128745
128774
128817
128854
128859
128864
128876
128954
128977
129807
129868
130120
1310
131149
131185
131375
131540
131890
132112
132141
132243
132430
132556
132612
132946
132954
133558
133584
133874
134187
134288
1348
134829
135152
135644
135935
136051
136157
136227
136263
137735
138429
138474
138652
138724
138802
138882
138948
139061
139067
139538
139562
139604
139628
139728
139735
139741
139748
139804
140290
140432
140469
140596
140690
140711
140730
140731
140767
140771
140828
140836
140873
140875
140880
1412
1416
142684
142827
142937
143153
143286
143425
143678
143903
143941
144132
1442
144203
1443
144360
1444
144448
144481
144486
144568
144571
1446
144608
144717
144742
144766
144776
144817
144920
145226
145264
145270
145438
145474
145663
145678
145694
145783
145788
145814
145820
145837
145845
145945
146206
146212
146225
146279
146310
146325
146395
1464
146513
146664
146691
146713
146771
146795
146822
146849
146852
146853
146862
147004
147111
147138
147276
147381
147429
147525
147646
147664
147670
147710
147719
147746
147791
147872
147968
148113
148145
148170
148198
148231
148345
148545
148824
148870
148898
1489
148930
148979
148987
149047
149069
149134
149281
149297
149351
149401
149563
149647
149650
149684
149703
149773
149775
1498
149837
149954
149992
15
150005
150051
150135
150165
150185
150244
150291
150356
150378
150379
150384
1504
150527
150538
150568
150577
150677
150759
150763
150771
150946
150992
151009
151121
151146
151171
151174
151176
151258
151300
151438
151449
151484
151534
151647
151657
151658
151760
151835
151877
151878
152015
152024
152048
152225
152274
152578
152586
152687
1527
152742
152789
152831
152877
153469
153514
153546
153562
153571
153577
153682
153811
153910
154092
154661
154754
154761
154790
1548
154822
154872
1549
1550
155006
155051
155184
155185
155382
155400
1565
157273
157381
157503
157562
157574
157627
157724
157740
157753
157855
157860
157869
157931
158035
158055
158062
158160
158228
158257
158314
158376
1584
158402
158434
158511
158572
158724
158863
158983
159119
159162
1596
159963
160824
161142
161497
161514
161527
161635
1617
161725
161931
162083
162137
162417
162514
162540
162699
162968
163033
163059
163154
163175
163183
163223
163486
163742
163933
164118
164592
164656
165057
165082
165530
165721
166655
1667
166752
166863
167
1673
167465
168002
168400
168417
168448
168741
169026
169834
170370
170425
170487
170504
170510
170517
170541
170543
170552
170572
170680
170691
170692
170825
171017
171389
171482
171484
171489
171558
1735
1744
1758
1773
181
1815
196415
196475
196500
196883
196913
196968
197003
197021
197196
197320
197358
197407
198437
1990
199699
199786
199899
199990
200008
200030
200197
200261
200312
200316
200317
200350
200539
200609
200772
200830
201175
201243
201305
201477
201617
201625
201651
201780
201989
202020
202025
202134
202299
202374
202658
202781
202865
203062
203074
203274
203413
203430
203569
203611
2045
205147
206338
2081
2122
2125
2128
2155
219287
219347
219348
219409
219431
219473
219482
219525
219527
219537
219539
219578
219595
219623
219688
219690
219731
219770
219858
219870
219873
219874
219952
219957
219960
219965
219981
220032
220070
220077
220107
220202
220359
220382
2209
220906
220930
220980
2210
221044
221091
221122
221180
221223
221272
221416
221438
221481
221504
221527
221584
221806
221814
221883
221914
221946
2220
222029
222159
222183
222255
222642
222659
222698
222950
223075
2249
2251
2253
228
22833
22888
22895
22947
22973
2298
22983
22997
2300
2303
23040
23067
23072
23117
23145
23148
23251
23349
23359
23373
23430
23434
23519
23539
23563
23584
23591
23614
23615
23620
23629
23668
23704
24150
242
244
245806
245908
245909
245910
245911
245913
245935
245936
246100
246122
246213
246312
246318
246704
246705
246721
246777
246778
250
251
253039
253044
253128
253175
253264
253573
253639
253805
253842
253962
253970
254028
254057
254099
254100
254122
254187
254272
2543
254312
254394
254783
254950
254973
255022
255025
255031
255061
255130
255167
255177
255193
255220
255275
255313
255330
255403
255512
255654
255798
255809
256021
256158
256329
256435
256472
256536
256710
257000
257062
257101
257103
257152
257313
257396
257407
2575
2576
257629
2578
25784
25787
2583
25858
25893
259215
259249
259291
259308
26005
26024
26025
260294
26033
260429
260434
26045
26048
26062
26069
26077
26095
26101
26102
26105
26106
26107
26120
26138
26165
26172
26184
26222
26223
26231
26236
26238
26242
26247
26251
2626
26290
26291
2636
26493
26494
26495
26531
26533
26537
26582
26584
26595
26628
26636
26651
266621
266671
266695
266740
2668
266811
26683
266917
266918
266919
26707
26735
26740
2675
2676
26775
26776
2678
26780
26821
2689
2693
26958
27076
27090
27094
27124
2713
27133
27146
27158
27239
27251
27294
27306
2735
2741
27439
27442
275
279
280
280658
280661
2812
282566
282616
282617
282706
282890
282980
282997
2830
283025
283027
283028
283033
283038
283045
283050
283079
283080
283089
283092
283093
2831
283104
283106
283112
283135
283140
283143
283150
283171
283177
283194
283212
283214
283218
283234
283270
283278
283297
283303
283310
283335
283349
283352
283387
283392
283401
283403
283404
283416
283432
283435
283450
283454
283463
283475
283480
283481
283482
283483
283484
283485
283486
283501
283508
283516
283521
283547
283551
283567
283571
283579
283585
283587
283592
283596
283598
283600
283601
283624
283643
283658
283663
283665
283673
283674
283677
283682
283685
283687
283688
283692
283694
2837
283711
283713
283728
283731
283737
283738
283745
283748
283761
283767
283768
283777
28378
283788
283796
283807
283849
283854
283856
283859
283861
283867
283868
283869
283887
283888
283897
283902
283914
283922
283932
283953
28396
283981
283994
283999
284009
284014
284021
284069
284071
284072
284080
284100
284185
284186
284214
284219
284240
284242
284244
284254
284257
284260
284263
284276
284294
284312
284339
284352
284358
284359
284365
284366
284367
284373
284382
284383
284395
284408
284415
284418
284424
284427
284440
284443
284451
284454
284475
284485
284498
284513
284546
284551
284561
284570
284576
284578
284600
284615
284630
284632
284648
284649
284656
284661
284669
284680
284688
284723
284729
284739
284749
284757
284764
284798
284800
284801
284802
284804
284835
284836
284837
284865
284889
284898
2849
284900
284912
284926
284930
284933
284939
284948
284950
284952
284998
2850
285000
285014
285043
285045
285084
285093
285103
285126
285150
285175
285178
285181
285189
285190
285191
285194
285205
285224
285231
285266
285281
285286
285300
285326
285346
285352
285370
285375
285378
285389
285401
285412
285419
285422
285423
285429
285431
285441
285463
285492
285500
285501
285512
285525
285547
285548
285556
285577
285593
285600
285601
285613
28562
285627
285628
28563
285638
285659
28566
285679
285692
285696
285708
285736
285740
285758
285766
285768
285771
285778
285796
285812
285819
285827
285829
285830
285834
285835
28584
285857
285878
285889
28590
285905
285908
285941
285943
285949
28595
285954
285957
285965
285966
285972
285986
285987
286
286002
286009
28603
286042
286046
286052
286058
286059
286068
286071
286076
286083
286087
286103
286109
286114
286121
286126
286128
286133
286135
286149
286154
286157
286161
286177
286178
286184
286189
286190
286223
286238
286254
286272
286299
286359
286367
286370
286382
2864
286411
286437
286442
286467
2865
286530
286753
286756
286967
28738
28785
28786
28797
28802
28814
28815
28822
28823
28826
28831
28847
28862
28904
28908
2894
28994
29013
29034
2906
29064
29065
29125
2916
2928
29774
29797
29850
29881
29999
30014
30062
3008
3013
3038
3040
3041
3048
305
3050
3060
3081
30847
30848
3090
3120
3126
3127
3128
3164
3167
317648
317701
317703
317705
317749
317754
317762
319085
319100
319103
3196
3200
3216
3221
3239
3249
326332
3266
326626
3272
3274
333926
333929
337878
337963
337972
337973
337975
337976
337978
337979
338069
338321
338588
338599
338653
338661
338667
338675
338694
338707
338739
338817
338862
338864
338879
338963
339005
339105
339166
339168
339221
339240
339260
339298
339316
339344
339345
339352
339366
339390
339400
339403
339442
339451
339468
339483
339505
339535
339539
339562
339568
339593
339622
339665
339666
339685
339751
339760
339761
339766
339779
339788
339807
339822
339862
339874
339894
339929
339942
339967
339975
339976
339978
339984
339988
340017
340024
340037
340074
340085
340090
340094
340107
340120
340152
340178
340184
340204
340239
340340
340357
340385
340390
340414
340527
340543
340544
340554
340581
340591
340602
340618
340745
340784
340947
341032
341152
341359
341405
341418
341567
341880
342527
342574
342618
342892
342898
342900
342918
342926
342931
342977
343068
343070
343171
343172
343173
343563
343578
343637
343641
344018
344191
344405
344595
3447
344758
3451
345222
345456
345611
345630
345651
345930
346
346007
346525
346528
346562
346887
347088
347168
347252
347273
347402
347468
347475
347487
347516
347688
347689
347853
348035
348110
348120
348158
348174
348254
348487
348751
348761
348808
348817
348932
349114
349136
349149
349160
3492
3493
349334
349391
349408
3495
349667
3497
3509
3514
352954
352961
352990
353091
353131
353135
353139
353141
353144
353145
353149
353164
353174
353288
353299
353497
3535
353500
353513
353515
354
3543
3544
3546
3547
3549
3581
359787
360022
360030
360155
360203
360205
3626
3697
3699
374
3742
374286
3743
374387
374443
374454
374462
3746
374666
3747
374768
3748
374819
374864
374877
374887
374890
374918
374920
374955
374977
374987
375033
375196
375295
375323
375337
375567
375593
375607
375612
375616
375686
375690
3760
376132
376412
3768
377047
3776
377630
378108
3788
378805
378820
378825
378828
378832
378950
378951
379034
3798
3802
3803
3804
3805
3806
3808
3809
3812
3813
3822
3850
386597
386608
386617
386653
386678
386681
386683
386684
386685
386757
386758
387036
387066
387082
387097
387101
387111
387129
387486
387535
387590
387597
387644
387647
387715
387718
387723
387755
387775
387787
387895
387978
388011
388076
388135
388210
388323
388333
388364
388381
388387
388419
388439
388456
388458
388503
388551
388552
388553
388564
388569
388581
388585
388588
388630
388692
388698
388699
388743
388780
388796
3888
388818
388882
388889
388906
388942
388946
388948
3890
389023
389043
389072
389073
389084
389090
389124
389152
389161
389177
389199
389207
389208
389247
389320
389332
389336
389376
389400
389435
389458
389524
389549
389634
389641
389662
389715
389722
389741
389763
389765
389831
389852
389857
389860
389874
389895
389906
389932
390035
390036
390054
390061
390083
390093
390113
390142
390151
390167
390174
390181
390191
390197
390201
390205
390259
390261
390265
390271
390429
390431
390433
390439
390445
390502
390538
390594
390595
3906
390601
390612
390648
390649
390688
390705
390790
390792
390874
390882
390883
390886
390928
390933
390992
390998
390999
391001
391002
391004
391012
391013
391081
391109
391123
391137
391189
391195
391196
391211
391632
391712
391723
392309
392335
392399
392465
392479
392617
393046
394263
3963
399474
399491
399697
399716
399753
399761
399823
399833
399875
399876
399879
399884
399909
399947
400027
400043
400046
400084
400099
400128
400169
400236
400258
400322
400456
400464
400500
400512
400541
400548
400568
400573
400593
400604
400617
400618
400620
400622
400627
400643
400654
400655
400660
400668
400680
400684
400692
400728
400735
400736
400748
400752
400756
400761
400765
400768
400793
400794
400798
400831
400891
400927
400931
400946
400949
400952
400955
400958
400960
400965
400966
401014
401022
401024
401036
401067
401068
401074
401081
401093
401097
401098
401106
401114
401134
401136
401138
401176
401220
401230
401237
401251
401261
401264
401282
401285
401312
401317
401321
401324
401331
401387
401431
401442
401463
401491
401497
401504
401522
401533
401535
401550
401562
401577
401585
401588
401630
401634
401647
401667
401884
401903
401913
401993
402135
402175
402317
402381
402573
402665
402682
402779
403150
403273
403274
403277
403278
403312
404199
404201
404216
404266
404552
4046
404744
4049
406947
407977
4102
4105
4108
414059
414062
414194
414196
414201
414235
414245
414260
414300
414308
414319
414325
414332
414771
414899
414926
415056
4185
4207
4213
4241
425054
425057
4284
4294
4302
4325
438
439911
439914
439931
439933
439936
439943
439949
439951
439990
439996
440051
440061
440072
440073
440078
440087
440093
440097
440101
440117
440119
440132
440137
440149
440153
440163
440193
440253
440268
440288
440299
440330
440335
440345
440346
440348
440350
440352
440354
440356
440416
440423
440432
440482
440508
440533
440556
440560
440561
440570
440584
440590
440602
440686
440689
440695
440704
440730
440792
440804
440822
440829
440854
440862
440864
440894
440895
440900
440905
440915
440918
440926
440934
440952
440956
440981
440982
440993
441009
441025
441052
441058
441061
441072
441086
441124
441133
441161
441167
441178
441179
441204
441208
441242
441258
441272
441273
441295
441310
441317
441355
441366
441376
441441
441454
441457
441461
441476
441478
441519
441520
441521
441528
441531
441533
441601
441608
441617
441631
441639
441642
441666
441733
441869
441871
441876
441933
441996
442028
442038
442075
442113
442175
442184
442186
442189
442191
442213
442216
442233
442236
442240
442257
442262
442271
442334
442361
442582
442715
442721
442862
442867
442868
445329
445347
445571
448831
448835
449520
4508
4512
4514
4536
4541
4584
4586
4590
4626
4648
474
474150
474170
474343
474358
474381
474382
474384
4747
4761
4796
480
4838
4861
4868
4879
4888
49
4902
4909
491
4917
492307
493812
493829
493901
494115
494150
494470
494551
494558
4951
497256
497258
497634
503519
503538
503569
503614
503618
503639
503693
503841
504180
50512
50604
50632
50636
50652
50700
50801
50836
50837
50840
50858
50944
51054
51059
51085
5113
51145
51152
51168
51214
51217
51265
51289
51298
51326
5133
51333
51402
51450
51478
51480
51554
51802
520
5222
5280
5301
5342
5343
5370
5380
5382
53828
5383
53833
53840
53841
53844
53905
53940
53947
54067
54072
54076
5408
54084
54088
54089
54100
54106
5413
54145
541468
541472
541565
54207
54212
54413
54508
54523
54540
54549
54577
54578
54579
5459
5460
54600
5462
54620
54657
54658
54660
547
54714
54729
54748
54753
54754
54760
54768
548313
548332
548596
54897
54905
54932
54944
54986
550113
55056
55073
55079
55138
55206
55254
55267
553103
553137
553158
55336
55338
55345
55354
55380
55387
55389
5539
554
55412
554175
554207
554279
554313
55448
55472
55515
55525
55539
55547
5555
55582
55672
55747
55779
55798
55814
55855
55894
55997
55998
56001
56097
56098
56099
56100
56101
56103
56105
56106
56107
56108
56109
56110
56111
56112
56113
56120
56136
56140
56141
56146
56147
5623
56344
56413
5648
56624
56659
56677
56853
56917
56924
56936
5697
56972
56981
57005
57010
57030
57051
57061
57135
57151
57165
57210
57234
57235
57242
572558
5726
57292
57369
574036
574037
574407
574431
57452
574538
57469
57495
57501
57519
57540
57571
57594
57597
57612
57622
57624
57687
57701
57705
57730
57796
57828
57876
58160
5818
58496
58504
58531
59269
59284
59347
594855
594857
595101
5979
5995
6007
60439
60467
60529
606
606553
60677
60680
613126
613209
613210
613212
619189
619190
619207
619342
619343
619351
619423
619426
619427
619434
619455
619463
619505
6288
6315
6331
6336
6343
6358
6370
63827
63914
63932
63950
64002
64064
64090
64100
641298
641339
641364
641365
641372
641455
64146
641467
641515
641518
641522
64170
641700
64180
641808
641977
642265
642273
642313
642345
642361
642394
642426
642446
642475
6425
642502
642533
642559
642597
642612
642620
642629
642636
642691
642741
642776
642778
642799
642817
642826
642846
642852
642869
642891
642924
642938
642980
643037
643072
643085
643160
64321
643210
643224
643314
643338
643365
643376
643382
643401
643503
643529
643549
643623
643648
643650
643653
643659
643696
643714
643733
643749
643763
643783
643827
643834
643847
643854
643875
643916
643923
643955
643977
643988
643997
64403
64405
644058
644090
644135
644168
644186
644192
644213
644215
644242
644246
644315
644353
644397
644450
644524
644538
644540
644617
644656
644660
644694
644714
644728
644745
644794
644844
644852
644903
64499
645027
645030
645090
645104
645158
645166
645202
645212
645224
645233
645321
645355
645369
645431
645452
645455
645460
645468
645485
645513
645529
645566
645591
645638
645644
645676
645682
645739
645744
645745
645749
6458
645811
645832
645843
645895
6459
645927
64593
64595
645974
645984
646014
646019
646023
646074
646113
646168
646208
646241
646268
646282
646324
646329
646360
646383
646405
64641
646424
64648
646480
646482
646484
6465
646522
646527
646548
646576
646588
646626
646627
64663
646658
646702
646736
646754
646762
646778
646799
646808
646865
646871
646888
646962
646982
647033
647042
647060
647070
647099
647107
647115
647162
647190
6473
647310
647323
647436
647476
647589
647946
64806
64856
648691
6489
649299
649305
649330
64939
65061
65065
650662
65072
650794
65121
651250
651430
652147
652231
652276
652346
65249
652493
652607
652637
652694
6529
652963
652993
6530
653071
653073
6531
653108
653110
653129
653149
653166
653188
653190
653192
653199
653220
653238
653240
653247
653275
653282
653308
653316
653361
653390
653394
653423
653437
653441
653479
653486
653489
653492
653499
653506
653509
653550
653562
653567
653598
653602
653604
653619
653635
653639
653641
653643
653677
653687
653739
653781
653786
653808
654231
654254
654341
654342
654346
654412
654429
654433
654434
654466
654502
6547
654780
654817
654841
655
656
6564
6569
6572
6698
6702
6704
6705
6706
6752
6753
6757
6759
677766
677769
677779
677819
677824
677844
678656
69
692159
692205
692227
692236
692247
6953
6957
6964
6978
6997
7007
7124
7148
7151
7152
7170
7173
7177
720
7200
7222
723790
723809
723961
723972
724023
724087
727699
727701
727736
727738
727770
727787
727800
727820
727830
727837
727842
727849
727866
727869
727905
727914
727916
727924
727930
727940
727944
727956
727961
727982
728012
728013
728052
728061
728062
728073
728084
728096
728099
728113
728114
728116
728142
728190
728192
728194
728215
728224
728233
728242
728262
728269
728276
728279
728283
728318
728323
728327
728342
728343
728344
728353
728358
728361
728377
728404
728411
728419
728431
728434
728437
728441
728445
728450
728458
728460
728461
728485
728489
728492
728519
728537
728543
728544
728554
728558
728564
728577
728588
728606
728614
728636
728656
728661
728689
728690
728695
728705
728712
728716
728723
728730
728743
728747
728769
728798
728805
728806
728841
728853
728868
728882
728897
728903
728911
728927
728937
728939
728970
728978
728992
729059
729083
729085
729088
729092
729121
729162
729171
729177
729178
729198
729220
729222
729224
729234
729238
729250
729262
729288
729291
729296
729298
7293
729307
729314
729324
729353
729355
729402
729458
729461
729475
729486
729496
729522
729535
729570
729582
729602
729614
729627
729635
729652
729658
729665
729683
729723
729756
729759
729767
729799
729806
729810
729839
729857
729863
729866
729870
729873
729877
729887
7299
729915
729920
729926
729948
729970
729978
7300
730052
730091
730092
730098
730101
730112
730138
730139
730184
730187
7302
730202
730227
730236
730249
730394
730441
730495
730755
730909
730961
731223
731424
731602
731656
731716
731779
731789
732253
732275
732419
735301
7367
7379
7401
7448
7455
7484
752014
7576
758
7643
7652
767579
767811
768096
7682
768206
768239
7693
775
7757
7784
780529
780776
7827
78986
79007
79015
79024
79041
79092
790952
79097
79100
791114
791115
79136
79150
7916
79160
79166
79168
79190
79290
79310
79313
7932
79370
79400
79412
79424
79469
79470
79473
79501
79541
79544
7955
79628
79692
797
79741
79759
79802
79844
79849
79857
79860
79873
79906
79923
79948
79969
79992
79999
80000
80022
80039
80052
80054
80069
80070
80161
80162
80164
80174
80215
8022
80264
80274
80307
80316
80350
80712
80739
8074
80757
80834
80852
80864
80867
80868
80975
81061
81099
81127
8123
81399
814
81448
81472
81543
81569
81629
8170
81787
81797
81854
81872
8294
83259
8340
83445
83482
83530
83592
83598
8362
8363
83639
83647
83650
83656
83694
83697
83723
83747
8383
8386
83863
83867
83869
83878
83884
83886
83889
83895
83897
83899
83901
83902
83942
83957
83983
84033
84054
84063
84069
84077
84099
84107
84109
84126
84163
8420
84214
84218
84222
84226
84237
84258
84276
8433
8435
84366
84435
84439
84502
84504
84536
84552
84553
8456
84614
84623
84626
84629
84639
84667
84672
84696
84699
84725
84757
84766
84767
84777
84779
84786
84789
84793
84796
84804
84808
84814
84820
84847
84849
84850
84852
84915
84951
84957
84960
84973
84978
84983
84989
85001
85003
85009
8510
8511
8515
85235
85290
85291
85293
85294
85297
85303
85319
8532
85359
85368
85373
85375
85443
85446
85474
85481
85495
8551
856
8587
8590
8591
8596
8618
8629
8646
86614
8663
8688
8705
8712
8739
8755
8756
8785
8811
8823
8859
8941
89792
89837
89848
89866
9001
90011
9002
90060
90070
90133
90226
90246
90249
90271
90316
90332
90342
90362
90416
90462
90485
90499
90525
90557
90586
90589
90625
90632
90668
9074
90768
90784
9080
9081
9082
9083
90834
9084
9085
911
91149
91156
91181
91316
9132
91353
91450
91548
91584
91646
91661
91695
9177
91828
91948
92129
9220
92340
92369
92483
92591
92659
927
92736
9287
92922
92973
93144
93145
93164
9333
93377
93408
93429
93556
93589
93653
93654
9366
93668
9383
9384
9385
93979
94023
94026
94027
94030
94059
94086
94115
94233
94235
9426
9480
9496
954
9542
9545
9560
9607
9623
9629
9651
96597
96610
9708
9717
9720
9752
9758
9808
984
9844
9883
9884
9906
9942
100048912
100101467
100101629
100125871
100127888
100127972
100127980
100128185
100128202
100128236
100128262
100128288
100128292
100128298
100128398
100128644
100128653
100128782
100128840
100129112
100129196
100129476
100129482
100129858
100130100
100130275
100130322
100130354
100130428
100130581
100130691
100130733
100130744
100130771
100130934
100131017
100131112
100131137
100131213
100131227
100131275
100131496
100131510
100131541
100131581
100131756
100131766
100131816
100131827
100131860
100132800
100133991
100169989
100192379
100287166
100287728
100288594
100289090
100289635
100289678
100379661
10230
10281
10332
10406
10408
1057
10690
10748
10750
10816
10824
10895
11086
11274
114036
114041
114042
114044
114987
115273
115286
115650
115727
116123
116966
118421
118670
119369
119694
120114
120329
120400
120796
121214
123103
1240
124411
124460
124739
124751
125704
125963
125981
126069
126075
1262
126526
126536
126859
127602
127707
128674
129293
129790
129852
130
131
131177
131368
132014
132200
133923
135948
137196
138649
138803
138883
139629
140032
140625
140687
140710
140834
140851
143162
144423
144535
145241
145757
146227
146336
146378
146429
146433
146512
146779
146850
147081
147166
147172
147407
147660
147699
147727
148
148046
148137
148203
148254
148645
148696
148808
149373
149620
149643
149830
150147
150197
150596
150709
150776
150967
151295
151477
151742
152065
152098
152110
152206
152641
152816
152940
153684
1538
154907
157247
157927
158263
158295
158297
158696
158787
158801
158931
158960
160428
160492
160728
161291
162962
163479
163720
165679
1668
170082
170949
1720
1740
1804
1807
192134
193629
196446
196541
196549
196872
197187
199221
200298
200373
200420
201163
201181
201283
201516
202051
202459
203414
203510
204962
219293
219479
219484
219681
220416
220441
220979
220992
221191
221241
2214
221421
221442
221718
221756
222234
222696
22979
22986
23105
23120
23132
23285
23329
23491
23508
23766
245
245927
245929
245930
245937
246
246176
246734
246744
2509
253430
253868
254013
254786
255082
255411
2561
256130
256148
256227
256369
2565
256764
256892
256957
257203
257357
25786
25859
259234
2595
26049
26070
26082
26115
26226
26245
26248
26339
26343
26497
26526
26541
26696
27099
27136
27180
2740
27445
28
280665
2813
282618
282770
283011
283111
283120
283152
283165
283197
283208
283238
283314
283446
283455
283461
283514
283651
283652
283693
283755
283847
283860
283948
283970
284029
284083
284112
284274
284349
284369
284402
284532
284612
284618
284697
284702
284751
284759
284808
285033
285074
285154
285267
285311
285456
285513
28560
285641
285735
285754
285759
285847
285852
285888
285961
285962
286023
286436
286828
28683
28755
28778
2895
2900
29018
29044
29114
2915
2974
2980
29931
317662
317702
317716
319089
3292
337974
337985
3382
338596
338651
338751
338809
338821
339457
339476
339524
339789
339803
339829
339965
340206
340485
340578
340654
340990
341676
341799
342125
342132
342945
343069
344657
344807
344887
344892
344905
345274
346547
3481
348645
349152
3507
353137
353140
3565
360132
373856
374308
374500
374569
374973
375010
375248
3753
375387
3821
3853
386607
386680
387751
387790
387836
387849
387856
388125
388182
388389
388507
388558
388646
388649
388662
388666
388685
388701
389075
389151
389170
389362
389538
389649
389766
390072
390075
390152
390154
390168
390199
390260
390963
391190
391267
392459
394261
399668
399821
399900
399948
399967
400165
400242
400509
400579
400581
400590
400653
400709
400710
400830
400926
400941
400954
400986
401124
401166
401172
401233
401258
401260
401288
401320
401994
402117
402483
403282
403323
403339
403340
404220
404281
407738
408263
4104
414927
431704
4327
4336
439916
439927
439938
439941
440023
440131
440173
440184
440200
440278
440456
440465
440757
440867
440944
441046
441151
441263
441394
441525
441549
441670
444882
4583
4622
4632
474171
4950
497048
497049
497189
503542
50802
50804
50831
50859
51013
51046
51198
51460
51716
51725
5255
5276
54083
54093
54094
54143
541473
54718
548644
55018
55025
55064
55065
55066
55350
55370
55415
554201
554202
554206
554236
55478
55521
55553
55592
55853
55901
56137
56142
5616
56165
56245
56547
56969
56971
56988
57000
57399
574537
57477
57528
57535
57608
57830
58483
59344
5969
6036
606293
613266
619279
6290
63924
63946
641384
64150
641649
641928
642280
642696
642757
642864
642946
642976
643008
643406
64344
643616
64375
644068
644128
644139
644815
644997
645188
645191
645323
645524
645840
646450
646486
646531
646870
646903
646934
64925
649446
65217
652972
653140
653160
653483
653650
653857
654463
6579
664701
677778
677811
685
690
692088
6928
711
725
728039
728130
728175
728448
728819
729020
729164
729173
729420
729440
729513
729830
729975
730051
730087
7310
731220
7352
7365
7478
7549
7577
759
767558
7696
7710
7711
782
78998
79317
79363
79465
79613
79667
79781
79854
79904
79970
79986
80031
80035
80072
80078
80086
80125
80207
80329
80725
80862
80869
81168
81300
81328
81871
83695
83956
84000
84068
84125
84200
84215
84292
84657
84658
84677
84719
84771
84837
84843
84996
85371
85442
85444
85445
85462
8549
8552
85569
859
8654
8687
8812
8972
89919
90007
90673
91133
91370
91464
91544
91752
91807
91893
92070
92815
9288
93082
93432
93463
93517
93650
9398
9498
9515
9534
9626
9753
9827
9840
9866
9875
9901
9941
100049716
100127889
100127950
100128830
100128922
10083
10316
10349
10382
10568
10666
10777
10896
10940
11063
11148
11227
11245
112609
11280
113230
113691
114026
114131
114800
114814
114819
114821
115560
116093
116444
116449
117153
117155
117247
117285
117286
117532
1187
119385
119692
120065
120406
120776
120793
120935
121549
122011
122665
122876
123775
123970
124093
124783
124817
124935
124975
125958
125965
126006
126068
126205
126364
126541
126638
126767
127069
127074
127495
128178
128360
128368
128371
128372
128646
128989
129049
129521
129881
130075
130106
130540
130749
131669
131873
131920
132241
132671
132724
133308
133396
133688
134391
135924
135941
135946
136288
136371
138240
138805
139081
139212
139324
139420
139422
139425
139760
140258
140458
140683
140686
140733
140850
140870
140902
142680
142683
142891
143188
143496
143502
143879
144110
144124
144125
144195
144321
144453
145447
145645
145858
145946
145957
145978
146183
146434
146547
146562
146754
146760
146861
147409
147685
147686
147687
147744
147804
147945
148206
148811
148823
149018
149461
149469
150000
150159
150297
150572
150681
151306
151790
152118
152519
152992
153201
153770
157556
157739
157777
158131
158158
1582
158234
158399
158401
158431
158506
158584
158830
160065
160140
160298
160365
160762
161145
161394
161829
162282
162387
162605
162655
163227
163589
163747
164091
164127
164312
164380
164832
166348
166793
166979
167127
167410
168850
169166
170392
170589
170591
170690
170959
170961
171391
1814
1825
196335
199746
2001
200810
200879
200959
201158
201501
202151
202181
203076
203447
203859
205860
206412
208
219428
219429
219432
219437
219438
219447
219453
219464
219469
219477
219487
219493
219869
219938
219954
219958
219959
219982
219986
220047
221060
2212
221409
221613
222537
222662
22806
22917
23150
2324
23263
23284
23316
23545
23566
23639
245802
245928
245932
245934
245939
246119
246329
2524
2528
253017
253143
253582
253935
254173
254240
254268
254827
254879
255027
255324
255394
2556
255725
255926
256006
256144
257144
257236
257358
25763
25774
259236
259289
259296
259307
26140
26239
2630
266675
26686
266977
267012
26737
26762
26783
26952
27198
27202
27319
28234
282763
282775
2829
283160
283174
283284
283345
283365
283420
283459
283629
283726
2838
283876
283927
283933
284067
284099
284131
284266
284323
284346
284355
284379
284417
284434
284805
284827
284958
285025
285193
285335
285349
285555
285676
285877
285973
286006
286151
286204
286256
286362
286365
286749
2880
2898
29075
2939
29767
2982
29990
3009
317772
3203
327657
337882
337959
337960
337966
337968
337970
337971
338398
338567
338674
338755
338785
338949
339145
339263
339302
339318
339398
339834
339883
339977
340267
340273
340706
340980
341019
341116
341276
341277
341416
341568
341947
342096
343035
343066
343071
343406
343450
344148
344387
344558
344658
344752
344901
345062
345193
345895
346689
347051
347169
347736
347918
348327
348807
348825
352999
353133
353345
3594
368
3732
374407
374467
374470
374739
374897
374899
374928
375189
375307
375316
375519
376693
3772
3810
3827
3846
386724
387638
387695
387700
387748
387837
387990
388121
388284
388325
388407
388512
388531
388536
388566
388567
388697
388960
389015
389114
389123
389125
389289
389643
389668
389834
389898
390037
390038
390053
390058
390059
390063
390064
390077
390079
390081
390110
390144
390155
390157
390162
390190
390212
390264
390275
390321
390326
390327
390436
390437
390442
390927
391059
391107
391112
391114
391191
392138
392390
392392
392509
392636
3933
3972
399669
399814
399904
400206
400360
400720
400823
400935
401027
401137
401145
401409
401612
401665
401666
402569
403284
4045
408187
411
414236
415117
439944
440068
440104
440107
441669
442117
445372
4585
4685
493860
494118
494119
494188
494197
5013
5024
5027
5030
503497
503582
503834
503835
50832
50835
50839
51233
51252
51364
5144
51733
51738
5212
53336
5369
5395
54429
54466
54491
54553
54659
54715
54798
54847
54943
550631
55083
55208
55384
554226
55512
55561
55626
55628
55765
55784
55846
55890
5608
56123
56138
56246
56604
5680
56934
56996
57094
57191
574016
57536
57716
57835
58490
58524
58529
5893
60676
613211
6332
6345
63904
63974
641654
64221
642987
643246
643394
643414
643418
643641
643803
643812
6439
644414
644809
64506
64581
646600
64711
64753
6483
64840
648987
65010
65082
6532
6542
6557
658
66004
66035
6703
6736
6768
6854
6911
724102
728196
728464
730130
731157
7364
776
79057
79295
79324
79339
79345
79411
79598
79611
79742
79755
79785
79807
79846
79934
79946
79963
79977
8001
80114
80144
80320
80343
80731
81050
81309
81318
81327
81341
81392
81442
81469
81470
816
81616
81796
8329
8331
8335
83449
83473
83480
83539
83693
8370
83744
83850
83866
83873
8388
83882
83987
84059
84103
84127
84203
84239
84322
84503
84519
84560
84569
84676
84689
84690
84691
84694
84701
84765
84851
84865
84872
84874
84931
84970
85026
8526
85285
85479
85865
8641
8792
8909
8940
8970
89782
89832
89883
89885
8997
9038
90835
90987
9099
9108
913
91662
92017
9293
93010
93107
93492
9376
94033
94160
94163
9597
9627
9654
968
1018
1238
124
1370
1555
200162
2086
25876
3116
4842
54621
57156
5731
57677
6521
7356
7565
84659
91937
9982
10794
11123
113730
114898
143503
26298
27156
339855
4741
51090
51314
5294
55095
5554
56133
64693
66000
84517
909
1572
2310
3045
54887
55659
57795
8302
9953
2977
81698
54757
7975
1551
140453
55466
130951
8645
