100009606
100009665
100034743
100049613
100049614
100101933
100113373
100113381
100113400
100124332
100124402
100124540
100126296
100128030
100128055
100128131
100128295
100128320
100128333
100128348
100128525
100128579
100128646
100128697
100128772
100128811
100128853
100128875
100128958
100128960
100129171
100129234
100129269
100129332
100129418
100129518
100129570
100129595
100129654
100129676
100129690
100129717
100129800
100129885
100129924
100129947
100129948
100129956
100130048
100130170
100130197
100130207
100130255
100130307
100130383
100130388
100130436
100130500
100130531
100130746
100130799
100130820
100130827
100130887
100131041
100131124
100131199
100131205
100131244
100131257
100131263
100131338
100131442
100131451
100131472
100131478
100131608
100131624
100131625
100131626
100131635
100131773
100131788
100131863
100131907
100132099
100132348
100132365
100132368
100132400
100132597
100132609
100132659
100132762
100132774
100132808
100132842
100132993
100133034
100133142
100133251
100133257
100133330
100133583
100134391
100134938
100135064
100144631
100147753
100147811
100147825
100147831
100151668
100151669
100151685
100169837
100170646
100187701
100189054
100189175
100189191
100189253
100189265
100189309
100189461
100189475
100192388
100216488
100216544
100270753
100270845
100270855
100270875
100270890
100270891
100270955
100270984
100270998
100271016
100271044
100271058
100271064
100271069
100271082
100271100
100271116
100271124
100271153
100271185
100271191
100271211
100271216
100271230
100271241
100271276
100271288
100271301
100271327
100271331
100271334
100271372
100271379
100271396
100271458
100271506
100271512
100271534
100271535
100271594
100271607
100271871
100271927
100286914
100286932
100286979
100287033
100287140
100287367
100287399
100287419
100287428
100287472
100287498
100287613
100287680
100287806
100287808
100287887
100288034
100288073
100288312
100288333
100288406
100288416
100288443
100288470
100288513
100288527
100288619
100288690
100288703
100288742
100288917
100289017
100289087
100289124
100289145
100289184
100289191
100289200
100289238
100289280
100289287
100289424
100289488
100294276
100294512
100302126
100302129
100302143
100302150
100302182
100302190
100302222
100302273
100302743
100310846
100310847
100310849
100310853
100312808
100312822
100313781
100313783
100313812
100313841
100313859
100313887
100313895
100313905
100316904
100328982
100379378
100381202
100381208
100421820
100422842
100422844
100422872
100422879
100422885
100422890
100422906
100422910
100422935
100422949
100422955
100422961
100422991
100423004
100423008
100423009
100423025
100423062
100431172
100462799
100462824
100505385
100505502
100505593
100505741
100505818
100505852
100506012
100506074
100506118
100506127
100506193
100506250
100507352
100507444
100526760
100526767
100526772
100526773
100526825
100528016
100528020
100528064
100529251
100532737
100534593
10355
10596
10819
112846
114181
114182
137
138412
140692
140748
140754
143666
1480
148638
150928
152667
1531
153842
153893
1568
157278
157317
158078
158441
192217
200575
2025
220786
222901
2265
22945
23679
23752
23772
253314
257468
25812
259293
260339
26514
266643
266656
26687
26719
26826
26827
26834
26835
26838
26856
26871
27321
2751
283075
283110
283523
283553
283747
284577
28516
285173
2856
285629
28571
285849
286310
28637
28810
28834
28850
28870
28997
2989
3129
3139
317686
317730
319128
319133
326594
326617
337873
337874
339453
339879
340515
341128
3424
342615
342808
342865
344787
347097
347119
347975
3501
3515
3530
3538
3539
359736
359740
360165
360171
360181
374677
375601
378819
386627
387044
3873
387553
388078
388468
388514
388559
388572
389180
389197
389422
389472
389611
389761
389813
389901
389976
390134
390166
390231
390378
390403
390432
390531
390766
390834
390894
391040
391092
391102
391139
391367
391538
391584
391746
392008
392188
392232
392242
392256
392360
392387
392517
393078
3947
399965
400224
400578
400707
400957
401131
401242
401447
401637
401934
402069
402176
402207
402359
402375
403226
406875
406975
406987
408188
414132
414133
414149
414778
4182
440084
440159
440243
440297
440353
440517
441032
441056
441066
441347
441381
441459
441501
441630
442017
442266
442389
448991
4503
4550
4553
4764
494323
497190
503612
503631
503641
503643
504175
50631
5282
54030
54035
54049
54051
54075
5483
550644
554045
560
56664
573971
574508
58163
600
601
6033
60358
6085
6090
6145
6148
619553
619567
641379
641516
64227
642278
642395
642423
642425
642489
642580
642592
642692
642812
642819
642952
643043
643161
643172
643327
643339
643342
643542
643596
643615
644054
644093
644604
644649
644743
644820
644974
645078
645136
645161
645175
645251
645266
645387
645402
645427
645436
645587
645619
645691
645834
645836
645980
646000
646174
646201
646274
646309
646430
646446
646505
646981
647000
647286
648343
649166
650901
653045
653082
653125
653259
653303
653333
653375
653380
653420
653505
653543
653544
653545
653548
653557
677759
677847
677882
6818
692094
692199
692201
692213
692224
692232
693126
693133
693185
693194
6960
6974
6976
6984
7118
7196
7198
7207
724
727799
727838
728045
728066
728097
728106
728132
728255
728392
728403
728410
728447
728495
728590
728597
728602
728619
728710
728813
728989
729009
729057
729123
729156
729218
729275
729384
729428
729438
729516
729617
729681
729747
729780
729838
729879
729930
729992
730159
730213
730291
732265
75
780851
7824
790968
790969
791226
79274
79346
79482
80866
81169
81176
81193
81228
81315
81330
81431
81458
8389
8391
85295
85349
87688
89838
91978
92755
9292
10
100033395
100101115
100124533
100126299
100126327
100126349
100127924
100127999
100128042
100128043
100128233
100128362
100128437
100128467
100128477
100128546
100128601
100128745
100128888
100128894
100129017
100129180
100129394
100129409
100129708
100129731
100129844
100129982
100130386
100130497
100130627
100130913
100130972
100131035
100131084
100131206
100131515
100131607
100131761
100131874
100132857
100132917
100133235
100133284
100133286
100133307
100134822
100147746
100158262
100169835
100169890
100189010
100189030
100189439
100216507
100217367
100233146
100240713
100270878
100270896
100270904
100270923
100271020
100271098
100271143
100271157
100271160
100271178
100271206
100271274
100271279
100271349
100271381
100271394
100271398
100271424
100271470
100271471
100271508
100271717
100271870
100287229
100287382
100287880
100288170
100288177
100288425
100288504
100288511
100288637
100288695
100288853
100289222
100289450
100289511
100302133
100302191
100302214
100302219
100302276
100302279
100302741
100312806
100313778
100313918
100313926
100313962
100337591
100379288
100420370
100431168
100462790
100462836
100462843
100462851
10187
116809
120528
140772
140879
144638
145499
145989
155019
161342
170503
170511
170527
171416
1817
191586
246754
256880
260340
260341
266920
26801
283014
283299
28346
28404
28411
28417
28784
317726
337981
339970
346708
347281
347509
347707
348162
349198
3523
360158
386665
387554
387841
388112
390084
390581
390660
390937
391174
391747
392140
392313
392352
392540
392557
399520
400650
400860
401082
401602
402269
402408
402509
403241
406884
406913
406915
414131
414134
414316
439945
441155
441218
441811
442060
442153
442712
442890
4489
54082
574444
6172
642441
642590
643609
643723
644129
644166
645345
645388
645441
645503
645857
645899
645930
645931
646034
646127
646164
646927
647283
647307
648315
652990
653156
653162
653214
65944
693206
693220
693230
724022
727677
728054
728127
728134
728365
728470
729254
729257
729610
729666
729769
729815
730651
7339
768218
81406
81479
85348
91219
100113374
100113375
100113397
100126343
100126572
100126825
100127906
100127949
100128006
100128054
100128075
100128077
100128117
100128170
100128171
100128218
100128274
100128319
100128345
100128372
100128377
100128430
100128465
100128537
100128637
100128639
100128726
100128740
100128795
100128816
100128863
100128905
100128930
100129009
100129042
100129284
100129319
100129373
100129401
100129483
100129552
100129573
100129611
100129742
100129744
100129813
100129996
100130014
100130029
100130121
100130259
100130279
100130313
100130391
100130451
100130455
100130485
100130572
100130607
100130714
100130801
100130873
100130907
100130983
100131069
100131188
100131469
100131481
100131617
100131736
100131810
100131846
100131890
100131946
100131983
100131990
100132009
100132037
100132053
100132108
100132376
100132673
100133031
100133077
100133124
100133160
100133162
100133206
100133211
100134869
100137047
100144878
100147757
100147768
100147816
100147833
100151651
100151658
100151680
100169834
100169881
100188945
100188994
100189000
100189015
100189036
100189043
100189208
100189217
100189313
100189323
100189333
100189384
100189404
100189406
100189446
100189494
100189524
100240707
100270755
100270790
100270825
100270827
100270828
100270832
100270870
100270881
100270882
100270885
100270886
100270900
100270911
100270917
100270939
100270941
100270957
100270965
100270971
100271011
100271014
100271018
100271039
100271080
100271090
100271094
100271104
100271118
100271127
100271137
100271138
100271145
100271146
100271151
100271176
100271184
100271186
100271189
100271196
100271198
100271215
100271231
100271236
100271239
100271292
100271313
100271319
100271323
100271338
100271347
100271352
100271391
100271397
100271400
100271423
100271486
100271491
100271511
100271513
100271567
100271574
100271600
100271616
100271618
100271656
100271836
100271842
100286964
100287087
100287110
100287177
100287335
100287375
100287410
100287576
100287765
100287822
100288035
100288227
100288254
100288271
100288371
100288405
100288449
100288503
100288584
100288719
100288814
100289102
100289176
100289220
100289274
100289585
100289605
100289643
100302115
100302130
100302132
100302155
100302158
100302171
100302200
100302223
100302239
100302291
100312804
100313830
100313852
100313858
100313881
100313893
100313901
100329108
100379291
100379300
100379584
100379663
100381178
100418724
100421058
100421648
100422200
100422343
100423061
100431177
100462880
100462953
100462985
100462986
100499194
10062
10312
10320
10468
10544
10834
11007
11033
11040
11119
11186
11278
114904
117581
117854
118788
123355
125488
1289
130700
135
1374
140829
147965
154449
154810
158781
1606
170548
199745
2022
221547
2239
23071
23166
23229
23475
23526
24147
246717
255308
25907
25960
2625
2644
266785
26680
27122
27128
281
28231
285180
286186
286191
286257
286336
286423
28952
29126
2970
29780
3059
3108
3109
317684
319143
326272
326320
338470
338870
341604
344320
347363
348249
3485
3500
359762
359767
360227
3603
3665
3676
3707
3755
386746
387509
387934
388159
389053
389333
390003
391019
391121
391124
391151
391672
392282
3932
3936
400156
4016
401959
402057
403299
4050
406901
407032
407054
414135
4192
4242
4255
4313
4323
440575
441268
441511
441518
441884
442167
442192
442211
442253
4794
4817
4851
4854
4911
4938
4939
5099
51316
5163
51703
5292
53410
54436
55092
55129
553121
55615
5579
55803
55902
56833
574441
574507
5754
57706
59271
619556
6279
6280
63940
6404
642335
642443
642740
642892
643496
643863
643976
644020
644059
64411
644435
644625
644776
644893
6452
645360
645506
645646
645998
64601
646330
646597
646696
646766
646875
646912
646949
646970
647085
647132
6494
651644
652170
652959
653553
653658
653789
6714
6850
6904
692093
692111
692209
692210
693128
693138
693175
693186
693212
7116
7130
715
727686
728229
728350
728433
728549
728851
729079
729530
729708
729779
729816
729909
730100
730177
730196
731282
731308
7454
751602
7737
79036
7940
79651
80176
80221
80820
81109
81153
83543
84270
84444
84868
84875
84936
85027
8514
8522
864
8681
8744
91768
92799
9452
9466
9473
9546
9603
9641
972
9744
9938
1000
1002
10082
10486
10570
10630
10631
10867
1123
112399
114884
1152
120103
121227
130026
1307
1499
151313
1745
1759
1793
1837
1910
199731
203238
2065
219
2192
2201
22795
22801
22859
22871
22873
23255
23576
25822
25878
25925
25945
261729
2697
2743
2768
2817
2824
283417
284207
286527
339184
341346
342850
3486
3553
357
3589
3624
3679
3797
3855
388336
3911
400591
4017
4166
4320
441328
4684
4862
4897
4921
4982
51148
5125
5137
51477
5167
5360
5364
54206
54498
55205
55214
55816
56892
56975
57492
57507
57554
57661
57685
5793
5801
5806
627
633
6405
6422
64399
644172
6447
6662
6695
6857
7025
728239
729993
784
79191
7980
79932
81671
8322
8325
8470
8476
84900
84902
84952
8745
8945
89795
89796
90293
91975
9353
9374
9479
9510
9788
9811
9900
100133037
10014
10046
10079
10085
10098
10152
10154
10186
104
10439
10451
10656
10838
11000
112464
113189
113791
114659
114793
114803
114880
115361
115362
116843
120224
120892
122622
122786
123228
123606
1267
1278
128077
1281
1303
130367
135398
138311
139065
143279
145567
147949
148418
148534
1513
151887
152273
154043
158471
158880
160335
160518
1646
165215
167691
171024
1741
1756
1789
1879
1909
196394
20
202052
2115
2123
221079
221092
221336
222223
222389
2263
2281
22837
22858
23037
23125
23208
23213
23314
23336
23365
23380
23432
23452
23522
23621
23677
23768
240
24138
254427
2562
257194
25766
25827
25900
25927
25989
26002
26047
26052
26086
26960
27303
2737
282974
284252
285
28514
285195
286097
29801
2983
30061
3113
3119
3131
3339
3340
338773
339122
340481
340526
345778
3489
3552
3631
3643
3656
3730
375061
3757
376940
3778
387119
388115
389206
389421
389432
3908
407975
4215
4300
4345
441094
441108
4629
4675
4782
4919
50863
5098
5101
51062
51063
51334
5150
51661
5243
5316
5332
53346
5362
5372
54331
54492
54510
5465
54749
55084
5523
55361
55686
55691
5587
5590
56114
56135
56172
56243
56288
56648
56654
56675
56999
57007
57125
57134
57168
57213
57520
57545
57580
57631
59
59084
60468
606551
6095
6297
6497
653121
6622
6696
6815
6919
6926
6932
7039
7049
7058
7216
727936
728264
7289
7345
7447
7461
79047
79070
79630
79656
79712
79772
79827
79828
80007
8038
80818
8082
81035
81704
83439
83468
83595
83690
83716
83856
8395
84100
84141
84181
84327
84445
84456
84547
8460
84624
84856
84858
84870
84898
84939
84969
8503
85301
85358
85461
8577
8609
862
8777
89780
90381
90527
90627
9079
90874
90952
91526
9201
9241
9282
9331
94274
9469
9580
9734
9750
9760
9770
9823
9826
9886
9925
9945
100129033
100129138
100129408
100132874
100499193
11178
113746
116835
124925
127428
130888
140947
146167
201164
2100
220082
221016
222
23559
24139
254552
255877
256297
256933
266722
27085
284593
285755
29944
30818
338917
339983
340665
348180
374875
3817
3996
407835
441818
442197
5141
55036
6208
64072
643836
644101
645195
645528
647024
64839
692099
728064
80036
8343
8346
8367
84666
90827
9253
93611
94032
9662
10002
10004
100130449
100132285
10022
10040
10045
10047
10050
1006
1007
10071
10077
1008
10090
10107
10110
10117
1014
10148
10163
10174
10178
10188
10202
10215
10218
10231
10234
10235
10246
10249
10267
10268
10272
10278
10279
10290
10297
10319
1032
10335
10343
10344
10368
10369
10394
1041
10417
1044
10446
1045
1046
10481
105
1050
10500
10505
10507
10518
1053
10531
10536
10537
10562
10580
10586
10588
10610
10633
10634
10637
10642
10650
10660
10661
10665
10669
10675
1068
10699
107
10715
10718
10734
10736
10738
10742
10749
10761
10786
10798
1081
10811
10815
10817
10842
10848
10850
10858
10864
10873
10874
10875
10877
10880
10881
10882
10887
1089
10893
10900
10917
10919
10930
10936
10974
10998
11005
11009
11018
11025
1103
11037
11061
1107
11074
11075
11077
11082
11093
11096
111
11105
11129
11132
11141
11156
11162
11163
11166
11170
11181
11189
11199
112
11200
11202
11211
112398
11248
11249
11251
112802
112885
112937
112939
113000
113177
113178
1132
113220
113235
11330
11344
1135
1136
113622
113828
113835
1139
114
1141
114299
1143
1145
1146
114609
114780
114783
114794
114798
114801
114815
114823
114879
1149
114928
114990
115111
115201
1154
115572
115584
115653
115704
115708
115992
116
116039
116135
116151
116173
116255
116285
116369
116372
116379
116442
116448
116511
116541
116983
116986
116987
117245
1179
1180
1181
1183
118425
118426
118442
118611
118738
118856
118881
119467
120071
120376
121643
121793
122042
122258
122509
122618
122651
1234
1235
123720
124044
1241
1244
124401
124599
124626
124773
124790
124842
124912
125113
125144
125336
126014
126119
126123
126129
126208
126306
126393
1264
126433
126695
1271
127124
1272
127247
127343
127391
127435
127579
127670
128408
128414
128611
1287
1288
128821
128822
128826
128853
128872
129080
1294
1296
129684
1297
1298
129804
1299
13
1302
130399
130497
130557
1306
130612
130617
1308
1311
131377
131583
132158
132228
132332
1325
132625
133482
133491
133522
1339
134
134121
134353
134526
134549
1346
134701
135295
135458
135656
1357
1358
135892
136242
136259
136541
136853
136991
137868
137964
137970
138046
138065
1381
138151
1388
139170
1393
1394
139411
1395
1400
1401
1404
140578
140597
1406
140628
140685
140689
140700
140803
140807
140825
140832
140862
140876
140881
140893
1409
1411
1414
1415
1417
1418
1420
142678
143187
143282
143379
143471
143630
1437
1438
143872
144097
144193
144347
144404
1447
145258
145282
145497
145501
145581
145741
146
1463
146330
146456
146712
146723
1469
147
1470
147015
147040
147183
1472
147495
147700
147807
147808
147906
147912
148014
148022
148066
148109
1482
148223
148229
148252
148281
148304
148398
148581
148641
148709
148738
148753
149076
149095
149478
1496
149685
149699
149708
149986
150142
150160
150209
1506
150726
150864
151
151162
151254
151278
1515
151516
151531
151871
152
152002
152330
152756
153
153218
153478
153572
153745
153769
1539
154150
154288
1543
154386
1544
154442
155
1553
1571
157773
158046
158056
1583
158326
1585
158521
158586
158763
1588
1589
159296
1600
160287
1607
1608
1609
1613
1616
161753
161882
1620
162466
162494
162517
162979
163259
163590
163688
163702
163778
164045
164237
164284
164633
164668
165100
165140
166012
1669
1670
1672
1674
168391
168451
168455
168507
169044
169355
169436
169522
169611
169693
169966
169981
170261
170302
170371
170393
170482
170626
170679
170685
170850
171019
171169
171177
171483
173
1743
1746
1747
1748
1749
1757
1760
1761
1762
177
1775
1791
1795
1797
1800
1816
1820
1821
1823
1826
1838
1840
1844
1850
1852
1855
1870
189
1890
1893
1896
1903
1906
1907
1908
1917
192111
192668
1943
1944
1946
1947
1951
1952
1953
1954
1960
196047
196051
196074
1961
196385
196472
196743
196993
197
197257
197342
199
1991
1993
1995
199713
199720
199800
199953
200150
200186
2002
200205
200407
200523
200634
201140
201176
201191
201229
201299
2016
2018
2019
2020
202243
203054
203259
203260
203328
2038
2041
2042
204474
2046
204801
2051
2055
2056
2069
207063
207107
2074
2099
2103
2116
2117
2118
212
213
2134
2147
2151
2158
2161
2165
2173
219557
219699
219738
2199
220164
220296
220323
2205
2208
220965
221002
221074
221188
221264
221301
221303
221476
221491
221711
221833
221938
222008
222161
222487
222546
222553
222643
222826
222894
222962
223117
2245
2248
2250
2256
2261
2267
22798
22844
22865
22899
229
2290
22927
22932
2294
2295
2296
2297
22977
22981
22985
22987
22989
2299
2301
23024
2304
23046
23053
23057
2306
2307
23087
23090
23096
23098
23109
23114
2312
23127
23149
23152
23162
2318
23192
23194
23218
2323
23236
23237
23254
23295
23302
23308
23309
23331
23334
23361
23396
23403
23410
23415
23426
23439
23440
23457
2346
23467
23495
23498
23500
23504
2352
23520
23532
2354
23542
23551
23562
23567
23569
23581
23617
23619
23627
23630
23632
23671
23676
23732
23743
23746
23762
23779
239
24141
24142
24146
246330
248
2487
249
2492
2494
2516
2520
2523
2527
2529
252995
253018
2535
253559
253738
2538
253982
254359
254439
254778
2549
254958
2550
255043
255057
255374
2554
255426
2557
255783
255928
256236
2563
256302
2564
256646
2567
256714
256949
256979
257
2571
2572
257240
25758
25759
25770
25775
25789
25794
258
25802
25806
25807
25817
25818
25823
25830
25834
25837
2584
25841
25851
25861
2587
25894
259197
25930
25956
2596
25970
25999
26012
26027
26030
26032
26038
26040
26050
26056
26059
26063
26083
26085
26093
26103
26149
26153
26188
2619
26205
26212
2623
26232
26233
26254
26257
26259
26267
2627
26289
2637
2638
2642
2645
2646
26468
2648
2649
26492
26529
26548
26576
2658
266
2660
2662
266743
26692
2670
26716
2672
268
26873
2688
269
2691
2692
26998
27006
2701
27012
27022
27023
2703
27033
27039
27040
27065
27092
27112
27113
27121
27129
27132
27147
27160
27164
27165
27177
27179
27189
27190
27201
27231
27237
27254
27283
27287
27288
27290
27295
27296
273
27328
27344
2736
2738
2742
27433
27443
2765
2781
2785
2786
2793
2794
2797
2810
2814
2815
2822
28227
2826
282679
2827
282808
282973
282996
283
283149
28316
2832
283229
283248
283375
2834
283471
283491
283507
283518
283554
283576
283871
284004
284111
284217
2843
284403
284422
284439
284541
284654
2848
284992
285016
285051
28513
285220
285382
2854
285489
285498
285596
285598
285668
285733
285800
285848
285955
285971
286075
286077
2861
286183
2862
286262
286319
286499
286514
287
2886
2888
2889
2891
2892
2893
28954
28983
2899
28992
2901
2902
2903
2905
2911
29113
29119
2912
29122
29123
2913
2918
2921
2953
2968
29763
29765
29775
2978
2979
2981
29895
29907
29924
2993
29935
29941
29942
29943
29947
29949
29951
29974
29989
2999
29993
29998
3000
30009
30010
30012
3004
3010
3012
3018
3036
3042
3044
3046
3049
3061
3062
3078
3080
30813
30814
3083
30833
30850
3110
3111
3112
3115
3117
3118
3122
3166
3171
3172
3175
3177
319
3195
3205
3206
3208
3209
321
3211
3213
3215
3217
3218
3219
3224
3225
3227
3228
3231
3232
3233
3234
3235
3237
3238
326
326340
3268
3283
3284
3291
3293
3299
3305
3306
3316
3321
333
335
3350
3351
3354
3357
3358
3359
3360
3361
3362
337
337880
338094
3381
338328
338382
338440
338579
338620
338799
339
339210
339456
339479
339488
339500
339768
339804
339896
3400
340069
340146
340168
340393
340719
342371
3425
342538
342667
342979
343
343099
343472
3439
3441
3442
3444
3446
3448
344838
345
3452
346606
346653
347365
347730
347733
348093
348094
3483
348378
3484
348801
348938
348980
349565
356
3562
3563
3593
3596
3605
3617
3623
363
3630
364
3641
3642
3651
367
3672
3700
3705
3706
3713
3714
373863
3741
374355
3744
374654
374860
3749
374907
374946
3750
375057
375346
3754
3756
375704
375748
375759
3761
376267
3763
3765
3770
3777
3779
3781
3784
3785
3787
3795
3811
3814
3816
3823
3834
3849
3851
3857
3859
3860
3861
3868
3872
387496
387521
387707
387923
388021
3882
388228
3883
388327
388341
388394
3884
3885
388533
388591
3886
388610
3887
388886
388951
388963
389058
3891
3892
389812
389840
3938
3952
3955
3973
3975
398
3982
3990
3991
399664
399671
399693
399726
400223
4004
4007
4009
401
4010
401262
401265
4014
401565
4034
4037
404037
404093
404550
4056
4058
4062
4066
407
4081
4097
4099
4100
4107
4111
4112
4113
414157
4145
4146
414919
4157
416
417
4188
4222
4225
4240
4248
4250
4256
4293
4295
43
430
432
4326
4330
4335
434
4340
4342
4350
4352
4353
4356
4359
4360
43847
440270
440279
440387
440823
440836
441027
441054
441150
441168
442194
442444
4435
4438
4440
445328
4487
4499
4504
4544
4588
4589
460
4607
4608
4610
4617
462
4621
4624
463
4635
4636
4637
4640
4647
4654
4661
4665
4669
4671
4745
4759
4760
4762
477
4776
478
4795
4803
4804
4807
4808
482
4821
4828
4843
4846
4852
4856
4858
4878
4880
4884
4885
4887
4901
4908
4914
4915
492
4920
4923
493754
493861
494513
494514
4948
495
4958
4969
4975
4985
4986
49860
49861
4990
4992
4993
4994
4995
5008
5017
5020
5032
5046
5047
5049
50509
50514
5053
5055
50613
50614
50616
50619
50626
5063
5064
50651
50674
5068
5075
5076
5077
5078
50805
50833
50846
50855
50861
5089
50939
50945
50964
5100
51005
51025
51032
51043
5105
51052
51086
51087
51127
51129
51132
51146
51151
51157
51161
51162
5119
51200
51207
5121
51226
51236
51244
5126
51270
51285
51305
51308
51332
51339
51341
51350
51352
51378
5138
51412
5143
51435
51438
51440
51471
51475
5152
51548
5155
51555
51561
5161
51617
51622
51655
51676
51684
51702
5174
51744
51750
51761
51778
5178
5179
51806
51807
5196
5197
5224
5232
5239
5267
5273
5307
5308
5309
5313
5314
5331
53342
53345
53353
53354
5338
534
5345
5350
5354
53615
53632
53637
5365
5375
53820
53822
53919
5407
54103
54112
54221
54345
54346
54360
54361
54363
5443
54435
54437
54441
54456
54490
54516
5453
5454
54544
54546
5455
54550
5456
5457
5458
54584
54586
54587
54626
54661
54738
54742
5475
54752
54756
54758
54763
54784
54785
54796
54829
54831
54857
54863
54866
54898
54913
54923
54941
54959
54960
54963
54967
54972
54989
54991
54997
55009
55049
55057
5507
55072
55090
551
55102
55113
55150
55190
55192
55194
55199
5521
5522
55220
55222
55225
55229
55231
55237
55258
55262
55275
55311
55316
55344
55349
5535
55367
5542
554235
5545
55501
55502
55503
55509
55510
55511
5553
55540
55565
55576
55586
55616
55679
5568
55684
55697
55698
55715
55722
5575
55800
55806
55808
55809
55811
55821
55840
55867
55897
55924
55937
55954
55957
55966
5598
5600
56033
5609
56143
56145
56154
56155
56156
56157
56159
56160
5617
5618
56203
56244
56269
5630
56300
56301
56302
5638
5646
56479
5653
56548
5657
566
5662
56658
56660
56666
5669
5670
56729
5673
56751
5676
56848
56891
56893
56899
56901
56904
56911
56914
56918
56923
56953
56956
56961
56963
56978
56998
57016
57057
57060
57093
57104
57126
57127
57139
57144
57152
57158
57159
57161
57167
57172
57176
57185
57198
57216
5727
5733
57333
57338
57348
57379
574
57402
5744
57449
57455
5746
57463
57464
57467
57479
57481
57482
57484
57491
57497
575
57502
57512
57523
57524
57526
57529
5753
57537
57549
57553
57555
57558
57559
57565
57575
57582
57585
57593
57596
576
57604
57611
57626
57636
57644
57657
57662
57709
57710
57719
57722
57732
57799
57801
57818
57822
57824
57827
57829
5784
5786
579
5790
5798
5802
58158
58189
5820
5833
58475
58491
58492
58500
58506
58510
58530
58538
5863
5864
5866
5871
5881
5883
58985
590
5913
5915
5916
5924
59283
59335
59336
59340
59353
5949
5957
5959
5961
5972
5986
5989
5998
6000
6004
6005
6006
6011
6014
6015
6017
6048
60484
60490
60495
605
60506
60598
6094
6096
610
6123
613
6170
6206
6233
6239
6248
6257
6261
6263
6276
6278
6285
6289
629
6293
6299
6300
63036
631
632
6320
6324
6326
6327
6329
6330
6339
635
6357
6368
6369
6375
63895
63922
63923
63943
63948
63951
63973
63976
63977
63978
64066
64073
64080
64094
64096
64102
64106
64122
64129
64130
64131
64137
641371
64173
64184
64208
64211
6423
6424
64240
642477
642587
64285
643201
64342
64376
64377
64386
64388
64396
64409
64410
6442
64428
6449
645249
645784
6469
64714
64718
6474
6476
64773
64843
64857
6487
64902
64919
6492
6493
64978
6499
65012
650655
65078
6508
65094
65095
6511
6512
65123
65124
6517
652
6524
65266
65268
653583
6538
6543
6549
6550
6553
6555
6559
6568
6570
6582
6585
65988
65989
65998
6604
6608
661
6615
6620
6640
6649
6656
6658
6663
6664
6665
6666
668
6691
6694
670
6708
6710
6718
6725
673
6750
6751
6754
6755
6758
6770
6779
6794
6804
6822
6853
6855
6860
6862
6865
6887
6899
6900
6915
6927
6939
6942
6975
6991
6998
70
7008
7015
7021
7023
7032
7036
7038
7051
7054
7067
7069
7087
7089
7093
7102
7104
7111
7125
7136
7141
7143
7164
717
7172
72
721
7221
7223
7224
7276
728294
728613
7287
7288
7291
729230
729359
7301
733
734
7349
7350
7366
7369
7380
7392
7425
7429
744
7441
7442
7471
7473
7475
7476
7477
7479
7480
7481
7482
7490
7498
7499
750
7503
751071
7517
7546
7547
755
7564
7625
7634
766
768
7681
7709
7726
773
774
7755
778
7781
7783
779
783
7849
785
786
78989
78997
78999
79006
79012
79038
79058
79091
79094
79140
79153
79169
79176
79187
7922
79258
793
79364
79369
79444
79570
79574
79585
79616
79637
79643
79650
79658
79659
79680
79698
79722
79734
79750
79758
79776
79777
79778
7978
79780
79783
79798
79803
79804
79805
79816
79831
7984
79856
79865
79874
79883
79908
79918
79924
79927
79929
79933
79935
79937
79943
79953
79957
79974
79981
79990
80004
80012
80019
80023
80028
80032
80034
80045
80115
80117
80119
80128
8013
80139
80149
80152
80168
80178
80194
80233
80303
80305
80325
80326
80332
80336
80339
80352
8048
8061
80714
80726
80736
80740
80741
80758
80759
80760
80772
80774
80775
80778
8078
80831
80835
80863
810
81033
8110
8115
8120
8128
81488
81490
81491
81492
81532
81551
81559
81562
81575
81605
81621
81623
81626
81693
81697
8174
81833
81849
81850
81851
81856
8187
81928
8193
8218
8220
8224
825
8269
827
8273
8277
8288
8290
8320
8326
8328
8332
8336
8337
83394
83446
83447
83463
83475
8348
83483
8350
8351
83541
83546
83547
8357
83642
83660
8369
83698
83714
83715
8372
83733
83741
83755
83758
8379
83795
83851
83854
83857
83868
8387
83881
83888
83890
83893
83896
83903
83953
83955
8398
83985
8403
84070
84074
8408
84106
84133
84152
84171
84176
84206
84219
84220
84221
84249
84256
84269
84281
84288
84289
84302
84330
8437
84432
84443
84446
84448
84457
84464
84465
84518
84539
846
84616
84618
84620
84628
84630
84631
84632
84634
84648
84649
84684
84692
84700
84705
84707
84709
8471
84717
84727
84733
84735
8475
84787
84812
84838
84839
8484
84842
84848
84861
84873
84889
84891
84894
84905
84909
84913
84914
84920
84929
84940
84944
84948
84966
84968
84971
8499
8506
8521
85280
85315
85329
8534
85352
8536
85360
85364
85395
85397
85407
85409
8541
85416
85441
85456
85480
8557
860
8600
8601
8632
8633
8642
8651
869
8693
8694
8704
8708
8711
8722
8735
8736
874
8740
8741
8742
8751
87769
8778
8784
8786
8788
8789
8798
8808
881
8822
8843
885
8851
8856
8858
8861
887
89
8904
8911
8912
8913
8927
8928
8929
8936
8969
8976
89766
89777
89801
89849
8986
89869
89870
8988
8993
89941
89958
8996
90019
90024
90050
90121
90134
90187
90199
90203
9021
9024
9028
90313
9032
90326
90333
9034
9048
9051
90655
9066
9068
90737
90850
90853
9087
9096
90990
91107
9127
91355
91373
91392
91409
9143
91445
9148
9149
915
9152
91522
9154
916
91608
91614
9162
91653
9170
9172
9173
91748
91869
91894
9211
9215
92170
92235
92249
9227
9228
92292
92293
92312
92346
92359
924
9244
9247
9248
926
9265
9266
92691
9278
92822
9283
9290
9294
92949
92960
92979
92999
93034
93100
93109
9311
9312
93166
93185
93273
9340
93426
9355
9356
9362
9363
93649
93661
9369
9370
9378
9379
9381
9389
9390
9394
93953
94031
9421
9423
94234
9427
943
9441
9455
9464
947
9486
9501
9506
9507
9537
9543
9564
9568
9572
9605
9610
9622
9625
9644
96626
9671
9687
9715
9718
9727
9729
9739
9745
9751
9755
9757
9762
9796
9829
9863
9880
9890
9892
9905
9907
9920
9951
9955
9956
9965
9970
9971
9973
10005
100128927
100129503
100130742
100131187
100170841
10023
1004
10044
10068
10076
10086
10100
10127
10139
10157
10158
10164
10201
10219
10223
10224
10227
10229
10261
1030
10317
10347
10350
10352
10371
10380
10385
10402
10461
1048
10499
10501
10509
10529
10557
1056
10563
10584
10612
10622
10663
10673
10716
10743
10763
10780
1080
10800
10807
10810
10826
10847
10859
10865
10888
10911
11016
11022
11026
11064
11076
11094
11113
1114
11144
11146
11165
11182
11185
11213
112479
11264
11273
11279
112869
11320
113278
1134
114614
114625
114757
114771
114785
114790
114791
114826
114827
114899
114905
115352
115701
115761
115827
115950
116115
116143
116840
116844
117289
1178
118490
119
119548
1196
121274
122046
122945
123099
1232
123624
1237
123879
124936
124989
125058
125170
125950
126070
1261
126133
126231
126298
126353
126823
126917
127
127003
127845
128209
128229
128344
128346
128486
1285
128553
1286
128653
130502
130560
130576
130733
130827
131034
131831
132203
132660
133121
134637
134728
134860
135138
135154
1359
136306
136332
1365
136895
137362
1379
138804
139221
140
140459
140467
140545
140576
140680
140691
140699
140706
140732
140766
140831
140856
140883
140886
1410
1421
1427
142910
143570
144699
145864
146059
146857
147011
1473
147741
148266
148268
148362
149111
149345
149473
149483
149628
149998
150084
150353
150368
150383
150696
150737
151056
151126
151242
151649
152195
1522
1524
152926
153642
153643
153918
154
154007
154141
155038
155054
155368
156
157310
1576
157657
1580
158038
158135
158219
158427
158833
1593
160
1602
160313
160622
160777
160851
160857
161424
161582
1621
162515
162972
163131
163255
163351
1634
163404
163786
1644
165631
165904
165918
166378
166614
1677
167826
168433
168667
168975
171568
1733
1750
1769
1774
1785
1812
1813
1822
1829
1832
1833
1874
1949
195814
196296
196740
196792
197335
1996
199675
2
200315
200728
2009
201255
201475
201633
202309
202559
2027
202915
203523
2036
204219
2044
2068
2077
21
2120
2140
2153
2159
216
2169
2196
219621
219670
219855
219972
219995
220001
220004
220064
2204
221143
221468
221472
221786
221937
221981
222171
222229
222584
222663
2232
2244
2258
2259
2262
2266
2268
2272
22797
22802
22807
22820
22829
22835
22846
22847
22849
22874
22885
22893
22904
22905
22955
22993
22996
22999
23031
23043
23070
23085
23086
23108
23113
23133
23139
23144
23154
23181
23187
23217
2322
23224
23232
23233
23248
2326
23266
23269
23274
23293
23303
23305
23315
23332
23414
2348
23523
23529
23536
23553
23555
23612
23616
23626
23648
23729
23742
23765
238
24144
245711
245812
245973
247
252983
253152
253650
253769
254042
254295
254428
254531
254773
255104
255231
255352
2555
255631
2560
256126
256281
256364
2566
256691
2569
257019
257106
25769
25790
25799
25801
25809
25862
25891
25903
259173
259283
25943
25973
25975
25987
25988
25992
26000
26011
26034
260425
260436
26145
26146
26150
26152
26154
26164
26173
26206
26211
26220
26228
2624
26272
26280
26338
26504
26507
26508
26523
26577
26579
2661
26658
266629
266727
267002
2671
2681
2687
26872
2690
2700
27035
2706
27063
2707
27074
27077
2709
27091
27111
27120
27127
27143
27148
27159
27181
27185
27240
27245
27286
27314
27324
27329
27334
27343
27350
27434
2792
2828
283298
283337
283373
2835
283588
283638
283659
284013
284023
284086
2842
284338
284340
284391
284716
284904
285097
285268
2853
285313
285315
285386
285533
285671
2857
285753
2875
28959
28964
28971
29063
29068
29091
29094
2917
2972
29844
29925
29933
2994
29948
2995
29954
29965
29992
3003
3043
3055
3071
30812
30832
30837
30849
3092
314
3141
3157
3169
317
317719
32
3212
322
3223
3229
3236
3248
326624
3310
3346
3347
337879
338
3386
338657
338811
339541
340277
340351
340596
341640
342184
342357
342908
343990
3440
345462
3456
347344
3508
353132
353189
3561
3577
3579
3595
3598
361
3619
3621
3627
3640
3645
3662
3671
3683
3702
373861
374395
374786
374900
3752
375287
375341
375513
375775
3762
3767
3775
377677
3782
3783
387032
387758
3881
388714
388939
389136
389337
389677
3897
389856
390066
3910
3914
3948
3954
3957
3965
399
399512
400657
400713
400745
400961
401494
4023
402415
4025
4033
4059
4060
4063
41
410
4103
4110
4115
4128
4135
4137
4143
414328
4147
4151
4153
4155
4158
4193
420
4204
4211
4239
4254
4261
4298
4301
4311
4314
4317
433
4337
440307
440434
440515
440712
440738
441212
4477
4482
4582
4599
4625
4645
4649
4653
4692
4705
474354
4752
4756
4773
4826
4882
4916
4943
4987
4988
5021
5023
5026
5029
5031
50487
50488
50507
50617
5079
50834
50852
50943
5097
51004
51006
51027
51102
51104
51114
51149
51179
51224
51237
51246
51266
51267
51272
51297
5132
51348
51360
51380
51385
5139
5145
51473
51490
51531
51540
51550
51557
51559
51599
51673
51710
5188
5195
5225
5229
525
5256
5268
5288
5310
5324
53344
53347
5340
5348
53616
5367
54
540
54039
54108
5426
5428
5430
54329
54455
54465
5447
54503
5451
54566
54581
54623
54682
54716
54762
54777
54797
54799
54807
54814
54853
54855
54861
54869
54873
54876
54879
54885
54891
54893
5493
54938
54942
54946
54953
54957
54961
54971
54973
55016
5502
55022
55030
55033
55040
55051
55094
55106
55107
55116
55117
55130
55152
55171
55175
55182
55184
55191
55209
55211
55243
55253
55260
55266
55281
55289
55298
55301
55313
55328
5534
55340
55357
55359
55362
55374
55410
55432
5544
55471
5549
55507
55526
55558
55607
55610
55614
55653
55655
5566
55662
55663
55668
55670
5569
55693
55695
5570
55709
55714
55719
55728
55731
55734
5577
55785
55799
55812
55815
55825
55859
5588
55911
5596
56
56006
5611
56130
56131
56169
56171
56242
56260
56477
56478
5655
56605
56673
56776
56832
56886
56903
56912
56920
56927
56970
57047
57097
57109
57118
57124
57140
57154
57190
57212
57223
57224
57282
57335
57336
5737
57381
57419
5742
57451
57475
57476
57521
57556
57572
57578
57579
57586
5763
57646
57649
57654
57664
57670
57690
57697
57699
57707
57713
57715
5778
578
5780
5783
57863
58
58157
5837
58486
58499
58509
58525
5874
58986
59082
5914
5918
5922
5923
59274
59277
59339
59341
59352
5950
597
5992
6002
60312
6037
6039
6041
6045
60494
60675
607
6091
6092
6103
6199
6236
624
6252
6305
6309
6335
6338
634
6352
6355
6366
6367
638
63877
63892
63893
63894
63898
63970
6398
63982
6399
6406
64067
64081
64084
64111
64115
64123
64145
64168
64220
64231
64241
64283
6431
64320
64324
64333
6440
64446
64478
644890
644975
64518
645261
64599
646
64689
64708
64748
64763
64776
64782
64787
64788
64800
64802
64837
6484
64847
64849
64850
64864
64881
64901
64926
65055
650669
6507
6522
65267
652995
6534
6540
6546
6548
6560
6563
65979
65986
66002
666
6660
6676
6688
6693
6697
6701
6720
677
6773
6783
6786
6799
6801
6813
6820
6821
6829
6833
6861
6863
6866
6870
6872
6909
6910
6916
6920
6943
6947
6948
6988
7020
7022
7043
7044
7059
7062
7070
7096
7098
7099
7122
7123
713
7134
7161
7180
7185
719
7249
726
7273
7275
727897
728
728621
728642
729
730
732
7433
7436
745
7462
747
7504
7539
7551
7561
7562
7567
7621
7633
7673
7701
7704
7727
7745
7754
7760
7766
7782
7813
7851
7852
7881
78987
79018
79025
79054
79098
79132
79148
7915
79157
79175
79230
79368
79582
79583
79591
79594
79618
79623
79625
79632
79640
79641
79645
79648
79649
79652
79654
79661
79671
79683
79690
79705
79719
79724
79726
79740
79745
79753
7976
79784
79788
79800
79812
79813
79818
79819
79838
79843
79847
79852
79879
7988
79890
79896
79925
79930
79931
79940
79944
79954
79955
79987
80024
80063
80071
80108
80110
80111
80127
80148
80153
80167
80169
80201
80210
80216
80231
80255
80270
80313
80317
80319
80333
80705
80737
80763
80765
80776
80816
80823
80830
80832
80833
81
8131
8139
8148
81493
815
81563
81602
81607
8178
81788
81832
81858
81876
81932
8200
8225
8242
8291
8312
8330
8342
8345
83464
83478
83481
8354
8355
83550
83638
8368
83696
83706
83734
83849
83855
83858
83894
8390
83900
8394
83988
84066
84071
84073
84076
841
8412
84138
8416
84164
84167
84217
84223
84231
8427
84303
8431
84335
84433
84436
8444
845
84501
8462
84643
84662
84665
84671
84679
84687
84688
84706
84747
84791
84809
84818
8482
8483
84830
84871
84878
84892
84895
84922
84935
84958
84991
85025
8505
8513
8527
8530
85302
85320
85363
85369
85378
85379
8538
85439
85451
85459
85460
85477
8568
8569
8578
8605
8608
8631
8638
8647
8653
8659
8692
8729
8764
8800
8817
8821
8840
8846
8875
8900
8906
8908
8916
8924
8926
8938
8939
89765
89778
89874
8989
90025
9025
9026
90288
9031
90324
90338
904
90423
9046
9050
9052
90639
90649
90665
90693
9073
9077
90780
90809
9086
9091
90933
9094
910
9103
9104
91056
91120
912
9120
9122
91227
91300
91304
91369
914
9150
91543
91607
91750
9182
919
91977
92
920
92086
92105
92162
9219
92196
9223
9229
92345
9249
92609
92737
92749
9313
933
9332
9342
93436
93474
9350
9358
9365
9372
9399
94005
9402
94025
94097
941
9422
9429
9435
9450
946
9468
9476
948
9489
952
9524
9536
9567
9569
957
9575
9578
958
9595
963
9633
9635
9649
9665
9674
9679
969
970
9701
9705
9723
9725
9726
973
9730
9738
974
9742
9743
9771
98
9814
9834
9842
9854
9860
9865
9870
9881
9887
9895
9899
9909
9914
9915
9923
9940
9947
9963
9966
9985
10008
10009
1001
10013
10017
10025
1003
10039
1005
10053
10058
10075
10081
101
1010
10103
10114
1012
10125
1013
10136
10141
1015
1016
10162
10168
10172
10203
10205
10207
10208
10216
10225
10232
10233
1025
10256
10257
10266
10288
1029
10307
10321
10324
10325
10326
10331
10333
10345
10351
1036
10361
1038
10388
10389
10390
10391
10392
10396
10401
10418
10420
1043
10444
10454
10462
1047
10485
10497
10516
10538
10578
10585
10587
10590
10595
10609
10629
10636
10647
10648
10653
1066
10687
10691
10692
10693
1071
10723
10741
10744
10752
10758
10766
10773
10793
108
10804
10814
10818
10825
1084
10840
10844
10846
10855
10866
10868
10869
1087
10871
10876
10878
1088
10891
10894
10903
10913
10934
10948
10964
10990
10993
10999
11001
11006
11012
11020
11024
11035
11043
11045
11046
11055
11062
11066
11070
11081
11085
1109
11092
11095
11099
11101
11107
11117
11122
11135
11147
11149
11151
11153
1116
11176
11184
11187
11190
11197
1121
11216
11226
11228
11236
11238
1124
11240
11254
11262
11269
112703
11272
112724
112744
1128
11281
112817
11284
113026
11309
1131
11314
11326
11328
1133
11341
113444
113451
11346
113612
113763
1138
113802
113878
114134
1142
1144
114569
114769
114770
114781
114784
114789
114792
114799
114805
114822
114836
114960
114984
115004
115019
115123
115265
115330
115350
115399
115677
115749
1158
115811
115825
115948
1160
116071
116113
116154
116238
116328
116362
116441
116443
116842
116984
117143
117144
117154
117156
117157
117248
117283
117531
117583
117608
1184
118427
118430
118491
1185
1186
118672
118812
118813
118932
119180
1193
119391
119587
1198
12
120227
120379
120425
120526
1208
120863
120939
121268
121273
121355
121506
121512
121599
121601
122060
122402
122481
122616
122664
122773
122809
122970
1230
123036
123264
1233
123591
123872
124045
124152
124220
124402
124602
124637
124961
124997
125
125061
125893
1259
125919
126074
126259
126272
126282
126299
1263
126308
126321
126370
126374
126375
126410
126668
126669
126820
126868
1269
126969
127254
127396
127534
127700
127733
127795
127829
127943
128025
128153
128218
128434
128488
128602
128710
128861
129025
129138
1293
129303
129446
129450
129530
129563
129607
129685
129880
1300
130013
1301
130132
130162
130271
130340
1305
130535
130574
130589
130752
130813
130814
130916
130940
131096
131408
131450
131601
132001
132160
132204
132321
132851
132884
132989
133015
133022
133690
134147
134265
134285
134548
134864
135112
135114
1352
135250
1356
135886
135927
135932
136
1360
1366
1368
1369
137075
137209
1373
1375
1378
137835
137872
137902
137994
1380
138009
138162
1382
138241
138255
1384
138639
139105
139135
1392
139285
139341
139378
139596
139599
1396
139716
140456
140460
140564
140612
140679
140688
140701
140738
1408
140801
140894
141
1413
1419
142679
142685
142686
142689
1428
143098
143241
143501
1436
143686
1441
144100
144233
144406
144501
144715
1448
144809
144811
144983
145376
145407
145482
145483
145508
145748
145773
145781
145942
146057
146439
146542
146556
146705
146722
146802
146845
146894
147323
147372
147463
1475
147657
147694
147798
147837
147920
147929
147948
148103
148213
148479
148523
148741
149233
1493
149428
149465
149466
149499
1497
149840
150082
150094
150248
150280
150290
150350
150365
150590
150622
150962
1510
151050
151112
151393
151473
151556
151651
151827
151888
151963
152078
1521
152185
152189
152404
152405
1525
152503
152573
153020
153090
153579
1536
153657
153733
153768
154075
154091
154197
154215
154313
154664
154796
154865
154881
155066
155465
1556
1557
1558
1559
157
1573
157695
157697
157807
1579
157983
158067
1581
158248
158405
1586
1587
158798
158800
158809
158866
159091
1591
159195
1592
159371
1594
159686
159989
160364
160419
1610
161003
161176
161198
161247
161253
161357
161436
161502
161779
1618
161823
161835
162239
162333
162427
162461
1628
162963
162966
162998
1630
163050
163051
163071
163087
163115
1636
163782
1641
164153
164395
164684
164781
165
165055
165186
165545
1656
166336
166379
166647
166824
167359
1675
167681
167838
168090
168537
168544
1690
169270
169714
169792
169841
170062
170063
170575
170689
170712
171392
171425
1731
1734
174
1742
1755
176
1767
1770
1780
1787
1788
1803
1805
1811
1824
1830
1834
1842
1849
185
186
1877
1889
190
1901
191585
192286
192666
192670
192683
1942
1950
1959
1962
196264
196374
196403
196410
196463
196477
196483
196513
196951
196996
197135
197258
197259
197322
199223
199777
199870
199920
199964
199974
200010
200014
200035
200081
200132
200159
200172
200232
200403
200424
2005
200504
200558
2006
200765
200844
200931
200942
200958
2011
201134
201294
201456
2015
201514
201626
201798
202018
202333
202500
203100
203102
203111
203190
203197
203245
203286
2035
203522
203562
2043
2049
2053
206358
2066
2072
2078
2104
2113
2121
2124
2137
2138
2139
215
2157
2160
2162
2166
2167
2168
2170
2172
2178
218
2185
2191
219736
219743
219790
219793
219833
219902
219931
219970
219990
220
220074
220108
220136
2202
2203
220388
2207
220929
220963
220972
221078
2213
221322
221391
221393
221395
221424
221458
221496
221662
221687
221785
2218
221823
2219
221955
222235
222236
222256
222545
222611
222865
2241
2242
2243
225
2252
2254
2255
225689
2257
2264
2275
2277
22808
22824
22832
22834
22843
22852
22853
22854
22866
22869
22870
22879
22880
22881
22891
22897
22901
22914
22918
22924
22925
22933
22941
22943
22954
23005
23007
23017
23025
23026
23038
23060
23066
23092
23093
23094
23101
23130
23138
23140
23143
2315
23169
23178
23189
23205
23209
2321
23221
23228
23235
23242
23245
23247
23250
23252
23261
23264
23268
2327
23275
23281
23283
23286
23288
2329
2330
2331
23324
23339
23341
23357
23368
23371
23383
23385
23399
23400
23408
23409
23413
23416
23428
23431
23460
23461
2350
23507
23509
23510
23514
23533
23538
23546
23547
23550
23552
2358
23583
2359
23600
23601
23624
23641
23646
23650
23659
23682
23708
23759
23767
23769
23770
23780
24
241
2444
245938
245972
246126
246269
2475
2488
2525
252884
252969
253012
253190
2532
2533
253512
253635
2537
253980
254048
254050
254065
254158
254228
254263
254528
254887
254956
255101
255119
255189
255626
255738
255743
255762
2558
2559
256051
256076
256309
256380
256643
2568
256815
2570
257044
257068
257160
257169
257177
257364
25771
25780
25791
25803
25839
25849
25850
25854
25870
2588
25884
25885
25890
25895
259
2592
259217
259232
259239
25924
259240
25928
259285
259286
259287
259294
25946
25961
25974
25981
26
26007
26013
26015
26018
26022
260293
26071
26074
26108
26112
26133
26148
2615
26151
26160
26166
26167
261734
26189
26191
2620
26219
2622
26230
26235
26240
26246
26249
26253
26256
26261
26266
26270
26277
26279
2628
26281
26285
26287
26330
26333
26353
2641
26470
26471
26476
26496
265
2650
26505
2651
26525
26532
26538
26539
26575
26578
26580
26585
26648
26659
26664
266747
26689
2674
2683
2686
2694
2695
2696
26974
26984
26993
27
270
27010
27019
2702
27030
27031
27036
27043
27071
27072
27087
27098
27106
27115
27123
27130
27134
27141
27145
27151
27152
27153
27154
27173
27178
27183
27197
27199
27232
27233
27246
27253
27255
27284
27285
27289
27291
27293
27297
27301
27302
27304
2731
27330
27333
27342
27345
27352
2766
2769
2774
2775
2779
2780
2788
2796
2798
2800
2801
2802
280664
2825
282969
283078
283129
283130
283159
283219
283254
2833
283316
283358
283377
283385
283848
283870
283899
283951
283987
284
2840
284001
284076
2841
284114
284129
284161
284306
284307
284325
284348
284353
284370
284390
2844
284406
284459
284486
2845
284521
284525
2846
284613
2847
284756
284788
28512
2852
285282
285331
285368
285605
285782
2859
286122
286205
286207
286234
286343
286464
286554
286676
2867
286826
286887
287015
2877
288
2882
28955
28958
28965
28966
28968
2897
28981
28988
28990
28996
28999
290
2904
29062
29070
29092
29104
29106
29109
29116
29118
29121
29124
2914
2922
2925
2931
2938
2940
2944
2946
2948
2949
2952
2957
2967
29760
29785
29798
29800
29802
2984
29841
29842
29851
2986
29882
29886
29888
29906
29909
29911
29919
29930
29953
29957
2996
2998
29985
29986
29995
3001
3005
3024
3026
303
3034
3053
3054
3067
3075
3077
30811
30815
30816
30819
3082
30820
30835
30845
30846
3101
3104
312
3123
3142
316
3170
317671
317761
317781
319101
320
3207
3214
3222
3226
323
3240
3242
325
3250
3263
326625
3290
33
3300
3338
3344
3352
3355
3356
336
3363
3364
3373
3375
337867
337876
338322
338323
338324
338339
338376
338557
338645
338692
338699
338872
339201
339327
3394
339416
339512
339559
339669
339778
340075
340156
340205
340348
340371
340419
340533
340542
340547
341
342035
3426
3429
342909
3434
3437
344
3443
3445
3449
345557
346157
346171
346389
3467
347
347240
347404
347732
347744
347862
3479
348
348013
348262
348995
349075
350
3512
352909
353219
353274
353324
353355
353514
3557
3558
3559
3567
3568
3569
3574
3578
358
3586
3587
359
3590
3601
3604
3606
362
3620
3625
3633
3652
366
3663
3664
3673
3674
3681
3684
3687
369
3690
3694
3695
3718
3736
3737
3738
3739
374378
374393
374403
374491
3745
374618
374655
374868
375035
3751
375298
375484
3759
3764
3766
3773
3780
3786
378925
3791
3792
3801
3815
3820
3824
3841
3852
3854
3856
3866
386618
387104
387357
387601
387694
387914
3880
388335
388695
388730
388799
389434
3898
3902
3903
3904
390616
390892
3909
390940
3918
392307
3929
393
3931
3934
3937
3950
3960
3976
3977
3984
3993
399670
399694
399949
40
400073
400120
400451
400566
400569
400629
4008
401190
4012
401207
401474
401546
4018
402778
403314
4036
4038
4041
404203
404217
4055
405753
405754
4064
4065
4072
408
4084
4093
4109
4114
4117
4118
4123
4129
4130
4133
4139
414
4142
414301
4148
414918
415
4159
4160
4161
4163
4184
419
4194
4209
421
4210
4223
4224
4246
4249
4253
4283
4303
4306
4308
431707
4318
4319
4322
4324
4332
4355
440699
443
4481
4485
4486
4493
4524
4542
4543
4547
4593
4595
4597
4598
4600
4606
4613
4618
4633
4634
4641
4642
4656
4660
4680
4689
4693
4703
4739
474344
4744
4753
4778
4784
479
4793
4810
4818
4825
4849
4855
4857
486
4867
487
4886
4889
489
4892
4900
4929
4940
4956
4967
4973
4978
4983
4991
5003
5004
5009
5015
5028
5045
50485
50486
50489
50508
5051
50511
50615
50624
5067
5069
5071
5080
5081
50838
50853
5091
50937
50940
5095
51003
5104
51050
51057
51058
51066
51069
51077
51083
51088
51093
51098
51101
51112
51135
51166
51171
51176
51177
5118
51191
51195
51196
51199
51205
51206
51208
51209
51213
5122
51222
51230
51231
51257
51268
51276
51277
51281
51284
51286
5129
51291
51294
51296
51299
51301
51302
51310
51313
51327
51338
5136
51361
51365
51384
51390
51393
5140
51409
51411
51421
51422
51427
51442
5146
5149
51513
51517
5153
51533
5156
51564
51571
5158
51586
5159
51608
5164
51657
5166
51665
51666
51686
51700
51704
51705
5172
51751
51754
51760
51764
51804
51816
5187
5190
5199
5205
5207
5208
5210
5241
5251
5260
5261
5265
5266
5274
5275
5283
5284
5287
5296
53
5317
5318
5319
5320
5322
5330
53335
5334
53358
5336
53373
53405
53407
5341
5346
5349
5357
53630
5368
53826
53829
53831
53832
53834
53836
53904
53916
53944
5396
54033
54058
5406
54065
5409
54097
54101
54102
5414
54210
542767
5429
54328
54332
54344
54440
54457
54463
54474
54476
54494
54496
5450
54507
54509
54514
54518
5452
54531
54532
54538
54554
54558
54567
54596
54619
54622
54627
54662
54674
54677
5468
5470
5473
54734
54739
54766
54769
54776
54795
54805
54806
54809
54810
54811
54813
54816
54820
54825
54827
54830
54834
54836
54839
54843
54845
54850
54852
54854
54856
54858
54860
54862
54868
54870
54875
54883
54886
54894
54896
54900
54901
54903
54914
54921
54922
54933
54936
54937
54952
54954
54964
54970
54974
54978
54979
54980
54993
54996
55001
55007
55008
55014
55020
55024
55026
55028
55048
55054
5506
55061
55063
55068
55080
55086
55088
5509
55103
55105
55111
55112
55118
55122
55124
55128
55146
55160
55176
55177
55180
55187
55188
552
55200
55201
55203
55213
55217
55218
55223
55228
55230
55234
55238
55244
55268
55273
55277
55282
55285
55286
55296
553
55303
55304
55314
55315
55317
55321
55324
55329
55335
55343
55346
55351
55356
55363
55365
55366
5540
554174
55435
55504
55508
55520
55530
55532
55534
55544
55567
55584
55593
55600
55604
55609
55612
55613
55617
55619
55620
55624
55633
55634
55640
55643
5565
55650
55665
55666
55667
55676
55680
55683
55690
55702
55711
55716
55733
55738
55751
55753
55755
55760
55762
55764
55770
55771
55780
55786
55787
55793
55796
55801
55805
5581
5582
55823
55835
55843
55844
5585
55870
55876
55879
55891
55898
55906
55908
55909
55917
5592
55929
5593
5595
55964
55971
55974
5599
56000
5602
56062
56063
5610
56121
56122
56124
56125
56127
56128
56129
5613
56132
56139
56158
56163
5619
5620
5624
56241
5625
56253
56256
56259
5626
56287
5629
563
56311
56341
5644
5645
56474
5650
5651
56521
56603
56606
56623
56649
56656
56667
56670
56676
56683
56704
5671
5672
5675
5678
5681
56834
56850
56895
56897
56905
56906
56926
56928
56937
56946
56949
56952
56955
56957
56964
56977
56979
56980
56985
570
57020
57038
57053
57084
57088
57089
57091
57101
57105
57110
57111
57113
57115
57116
57119
57143
57146
57150
57171
57180
57186
57188
57194
57209
57214
57221
57228
57232
5724
5729
5730
5732
57337
57343
5738
5740
574028
57404
57408
57410
57412
57446
57447
57460
57462
57468
57471
57474
57480
57504
57505
57513
57514
57530
57538
57546
57547
57551
57562
57569
57573
57574
57576
57577
57592
57595
57605
57609
57610
57613
57615
57617
57619
57623
57628
57633
57639
57643
57658
57663
57669
57673
57684
57689
57691
577
57711
57717
57728
57733
5774
5775
57758
5777
57786
57805
57817
57821
57823
57864
5788
5789
5795
5800
5803
5816
5819
58191
582
5826
5830
5834
58473
58484
58494
58498
58503
58511
58512
58513
5858
5865
5891
5896
5897
5900
59067
5909
59272
59285
5929
593
59338
59348
59350
59351
5939
5948
5968
5973
5978
5988
5990
5991
5994
5996
5999
6003
6010
6013
6019
6035
60370
60401
60482
60489
60526
60625
606495
60672
60678
60681
60686
608
6098
6101
611
6121
6192
619208
6242
6247
6258
6262
6271
6273
6274
6286
6295
6296
63035
6311
6314
6317
6318
6323
6328
6337
6340
6344
6346
6347
6348
6351
6354
6356
6360
6362
6363
6364
6372
6373
6374
6376
6387
63876
63891
63897
639
63906
63908
63910
63925
63926
63928
63929
63934
63941
63971
640
64005
6401
6402
6403
64061
64063
6407
64077
64078
64091
64092
64093
64097
64098
64101
64108
64109
64127
64132
64167
64174
6419
64218
64219
64232
64284
64288
643
64319
643236
64407
6441
644150
64430
6444
6445
6450
6455
6457
64577
64579
64582
64598
64600
6462
64699
64760
64768
64779
64780
64789
64793
64794
64798
64799
64805
6482
64838
64852
64866
64895
64897
6490
64900
64922
64927
64940
6496
6498
65009
6503
6505
6506
651
6514
6518
6519
6523
65243
65250
65251
65263
6527
653
6533
6536
6539
654
6545
654790
6554
6556
6561
6565
6567
6571
6575
6578
6580
6581
6583
6584
6586
6591
65975
65985
65987
65997
65999
66037
6610
6614
6618
6621
6623
6641
6657
6668
6671
6677
6690
6692
6707
671
6712
6737
6756
6764
6769
6775
6776
6781
6785
6789
6792
6795
680
6811
6812
6819
6837
6843
6846
6847
6869
6871
6884
6886
6898
6901
6906
6913
6940
695
6954
696
6999
7003
7005
7006
7010
7011
7016
7018
7033
7047
7056
7060
7066
7068
7075
7097
710
7100
7101
7108
712
7133
7138
7140
7142
7166
7179
7186
7189
7201
7225
7226
7227
7253
727
7274
728591
7286
7292
729515
7305
735
7363
7373
7376
7391
7399
7404
7409
741
7410
7412
7424
7428
7434
7439
7450
7464
7472
7483
7508
7512
7515
752
7535
7544
7545
7552
7554
7556
7568
7569
7571
7579
7580
7581
7582
7587
7589
7592
7597
760
761
762
7626
7629
763
7638
7639
765
767
7678
7691
7694
7695
770
7700
7703
7706
7712
7718
7728
7730
7732
7733
7739
7741
7746
7767
7768
777
7770
7771
7773
7802
7809
781
7841
7855
7857
7862
7869
78990
78995
7903
79035
79037
79056
79064
79065
79066
79083
79085
79087
79088
79089
79133
79147
79156
79165
79172
79173
79192
79365
79366
794
79414
79415
7942
79442
79446
795
7957
79587
79589
796
79600
79603
79605
79608
79614
79629
79635
79639
79646
79668
79669
79673
79674
79679
79689
79695
79703
79706
79716
79723
79725
79727
79729
79730
79735
79744
79746
79747
79748
79751
79754
79760
79762
79767
79774
79782
79786
79789
79792
79794
79797
79799
79809
79814
79815
79817
79820
79825
79834
79836
79837
79839
79840
79841
79842
79850
79853
79861
79862
79863
79864
79867
79869
79871
79872
79875
79884
79885
79891
79894
79895
79898
79899
799
79913
79915
79917
79919
79947
79949
79958
79961
79962
79966
79973
79979
79983
79989
79991
79993
79998
8000
80003
80005
80008
80011
80014
80020
80021
80059
80067
80095
80099
80122
80124
80129
80131
80133
80150
80177
80183
80184
80195
80206
80217
80222
80224
80235
80237
80256
80258
80262
80263
80271
80301
80309
80310
80311
80312
80323
8034
80341
80342
80345
80346
80351
80380
80704
80709
80723
80724
80742
8076
80764
80854
8086
80896
8092
8100
81025
81029
81030
81031
8111
81285
81494
81501
8153
81544
81570
81571
81576
81577
81578
81615
81617
81622
81624
81628
81691
81786
81789
81792
81793
81794
81844
81848
81857
81888
8189
820
8216
8287
8309
8313
8338
83401
8341
83417
8344
83444
83448
83450
83452
8347
8349
8352
8353
83551
8356
8358
8359
83591
83597
8360
8361
83637
83643
83648
8365
83657
83659
8366
83699
83700
83707
83729
83746
83759
83786
838
8382
83844
83853
83860
83861
83872
83874
83875
83876
83887
83935
83937
83938
83943
83954
83959
8399
83990
83992
83998
83999
84034
8404
84067
84072
84075
84080
84083
84124
84134
84144
84166
84173
84174
84179
8418
84182
84189
8419
84197
84216
84224
84229
8424
84243
8425
84251
84253
84254
84255
84264
84271
84278
84283
84295
843
84301
84307
84310
84315
84332
8436
84364
844
84419
84447
84451
84461
8447
84514
84525
84529
84530
84532
84541
84548
84557
84561
84570
84572
84612
84622
8463
84636
84647
84651
84654
84660
84663
8468
84680
84695
84708
84734
84750
84752
84769
8477
84775
84795
84807
84824
84867
84879
84883
84885
8490
84911
8492
84923
84924
84926
84941
84942
84947
84953
84964
8497
84984
84985
8501
85016
85019
85021
8509
8516
85289
85300
85366
8537
85411
85413
85414
85415
8542
85438
85450
85452
85455
85458
8547
85478
85509
8558
8564
8576
8612
8622
8626
863
8630
8639
8643
866
8671
8676
8685
8689
8690
8698
8701
8707
8714
8715
8718
8747
8748
8749
875
8787
8793
8794
8796
88
8809
8814
8820
8825
883
8832
8838
8839
8844
8852
8854
8857
886
8862
8864
8876
8910
8915
8968
8973
89781
89790
89822
89846
89853
89872
89876
89882
89886
8991
89932
8994
89944
8995
89953
8999
90075
9013
90139
90161
90167
9020
90204
9022
90233
90273
9037
90427
90441
9047
90506
90507
90523
90529
9056
9058
90592
90594
9064
90678
9071
90736
9075
9076
90865
90957
9098
91010
91012
91039
91050
91074
9113
91147
91179
9118
9119
91289
91319
91368
9138
9142
91442
91461
91523
9153
9159
91683
91694
917
91703
91734
91749
9175
91775
91782
9179
9185
91862
9187
9194
91949
9196
9203
9205
92092
921
9210
92104
92126
9214
92154
922
92211
92241
92270
92291
923
9230
92335
92421
9245
925
92521
9254
92552
92558
9256
92565
92595
92610
9262
9271
92714
92745
92797
930
93035
93058
9308
93099
931
9310
9321
93233
9329
93349
9344
9348
9351
93550
93587
9364
93664
9388
939
9392
93973
93986
94
940
9400
94015
9407
94103
94120
94121
94122
9413
94137
9415
942
9420
9424
94240
9436
9437
944
9447
945
9457
9459
9462
9463
9465
9472
9478
9481
9487
9495
9499
9508
9509
951
9513
953
9530
9535
9547
956
9563
9573
9576
9586
959
9600
9609
9615
962
9620
9628
9630
9640
9668
9670
9677
9678
9681
9684
9696
9699
9719
9721
9722
9731
9737
9746
9759
9764
9772
9785
9806
9807
9824
9825
9828
9831
9832
9843
9846
9851
9853
9855
9856
9858
9896
9911
9912
9937
9967
9986
9992
10003
10309
10566
10599
10753
10870
11126
11133
1117
116159
1188
122830
126
1268
138050
143689
1474
149603
150
163732
1638
1776
2028
2070
2206
2215
221692
22915
23207
2328
23436
2357
25980
26094
28986
30817
313
3174
3198
3199
3202
3273
3458
3560
3670
3698
3758
3769
3818
401052
4068
4604
4815
4829
4883
496
51061
51107
51225
51311
51458
5244
5272
53942
5444
5446
54988
55
55089
55287
55423
55638
55647
55657
55713
55885
5649
56896
57017
57192
57567
57718
5794
58526
5890
5947
5967
5977
60437
63935
64772
64792
6590
6598
676
6875
7031
7053
7080
7103
7137
7306
7348
7432
7761
7772
79178
79413
79575
79685
79696
79822
80094
80243
80728
80851
81027
81890
8233
83416
83590
84225
84417
84440
8464
84645
84675
84698
84866
8529
8710
8797
8807
89857
89884
9027
9033
9095
91851
92255
9322
9514
9617
10043
10126
10149
10242
10621
10686
10879
10912
1101
11027
11067
11131
113675
114548
117
1174
1215
140461
140462
143662
1440
1501
1511
170394
1794
1828
183
1915
1945
2047
2176
221400
230
23151
23220
2334
23366
23417
23418
2356
23604
25805
25984
26051
26297
26301
267004
27037
2705
27097
2784
2811
2819
2823
2863
2947
29781
29799
29928
29958
29988
318
3204
3294
3592
360
3680
3689
383
3848
3889
389119
399665
4040
4051
4057
4069
409
429
4321
43849
440603
4488
4620
4674
4688
4881
4922
5005
5016
50649
5083
51108
51343
5148
51547
5157
51678
5169
5173
5228
5252
5304
5335
54511
54823
54842
54956
55070
55100
55139
5524
55283
55531
55742
55888
56126
5639
56475
5652
56884
56944
57106
57211
57332
5739
57393
5741
5745
5764
57683
57692
57834
5799
5822
58495
5919
623
6283
6359
63899
6468
64757
64762
64816
6504
6528
660
6689
6716
683
6903
7092
7135
7139
714
7156
722
7252
7294
731
7584
7762
7789
7850
78991
79000
7918
7941
79571
79586
79633
79691
79713
79823
79845
79858
79905
79971
80157
8029
8085
81706
8190
828
8292
83538
83544
83594
8392
84101
84286
84309
84329
84334
8448
84826
85004
8512
8528
85417
8842
8863
90993
91151
92283
92342
92747
92840
93
932
9682
9704
971
9712
9754
9767
9783
9934
9957
9990
55778
10052
10170
10322
10495
10551
1113
1122
11283
1361
1364
1439
146050
146540
151354
1577
1671
1796
187
1999
2010
2039
2057
23322
23493
2515
25797
25833
2591
26084
26499
2712
2719
29946
3002
3158
3433
3790
3899
395
4070
4237
4312
4316
4824
5010
50856
5192
5193
54020
54209
54438
5449
54551
5498
55034
55096
55195
55224
55248
55259
5551
55552
5563
55777
55915
56164
56265
56913
57458
57648
60385
63967
6456
6616
6674
7368
7566
7753
78992
79626
79870
80185
80304
80328
80761
8266
8284
83661
84261
84290
84542
8556
8581
8620
9023
93190
9658
978
9848
27175
50506
56849
6588
79739
84467
10060
1118
23554
2890
3201
3270
379
4619
7516
79684
79810
131578
1649
23541
6699
929
10265
11069
113452
1236
1880
27299
283383
3037
5333
5526
80381
92304
9242
9672
151648
3007
35
4168
57121
6334
6361
54848
79922
8045
8987
51337
55295
84277
1258
4798
54828
6097
55721
1562
4974
7113
79877
10863
201895
2302
51560
622
6291
7079
79149
79170
79644
80199
22821
22994
5176
55323
55506
6495
79152
84466
79642
4935
57096
57453
2868
29903
51156
